-5.691180688738977089e-01 -1.239149633254885474e+00
9.711532462375846997e-01 3.416438078844399873e-01
5.403996616052630930e-01 4.676032693070242829e-01
7.246081111219068172e-01 1.474988666803616510e+00
8.149705204346613385e-01 8.265632319848966736e-01
-6.163449688416839933e-01 -3.292633171870212316e-01
-3.520942178352831631e-01 -9.414239279021475726e-01
-7.612338703405765461e-01 4.997843710567591580e-01
-2.830617995701687484e+00 1.503534457125046409e+00
3.707218422396130753e-01 1.541936827613837602e-01
-4.312487363335471002e-01 5.562307294158151949e-01
6.658854428560820882e-01 1.854988163336155127e+00
5.158278520855356236e-02 3.685265934234110974e-02
-1.828798880540700722e+00 -5.930830791334196217e-01
6.189250722656965964e-01 6.534330404191222019e-01
-1.352790845493341942e+00 5.019842856809397791e-01
1.580771021025044965e+00 -4.291831546102166661e-01
-1.060418764534043046e+00 -1.763832927235918779e+00
-4.312992069743492585e-01 1.315271475629131270e+00
-7.009443637531339588e-01 -1.241770894171979833e+00
