archive_type='neural_net_learner'
num_params=4
min_boundary=array([ 0.,  0., -2.,  0.])
max_boundary=array([ 3.,  3.,  2., 10.])
start_datetime='2022-02-25_15-28'
param_names=['', '', '', '']
bad_run_indexs=[[], [], [], [], [], [], [], [], [], [], [], [], [], [], [], [], [], [], []]
generation_num=3
search_precision=1e-06
parameter_searches=10
hyperparameter_searches=10
bad_uncer_frac=0.1
trust_region=nan
has_trust_region=False
predict_global_minima_at_end=True
predicted_best_parameters=array([ 2.59568585,  3.        ,  0.0929082 , 10.        ])
predicted_best_scaled_cost=-20613.97837250901
predicted_best_cost=-20613.97837250901
all_params=array([[ 4.81775114e-01,  5.62086046e-01,  3.85407477e-01,         3.09171694e+00],       [ 2.92290515e+00,  4.90382535e-01, -1.36459207e+00,         6.85488248e+00],       [ 1.14333854e+00,  1.34642846e-01,  7.23101773e-01,         4.60443850e+00],       [ 2.96179765e+00,  2.92690965e+00,  1.97977769e+00,         1.90551478e-01],       [ 2.78660350e-01,  2.61268035e+00, -9.34139429e-01,         6.78898060e+00],       [ 8.35645975e-01,  1.75988701e+00,  1.93018833e+00,         3.24347131e+00],       [ 1.86771682e+00,  5.64171905e-01, -4.32401221e-01,         3.83612035e+00],       [ 5.87377697e-01,  1.61898573e+00,  1.35948464e+00,         9.12567762e+00],       [ 1.65725531e+00,  2.47731302e+00,  2.09041773e-02,         5.17997078e+00],       [ 5.43483393e-01,  2.48837229e+00, -7.40302309e-01,         6.59223204e-01],       [ 1.22832737e+00,  1.42431442e+00,  1.27606874e+00,         7.43970046e+00],       [ 9.91321809e-01,  8.29972261e-01,  1.29918468e+00,         9.59199403e+00],       [ 0.00000000e+00,  0.00000000e+00, -1.25157289e+00,         0.00000000e+00],       [ 0.00000000e+00,  0.00000000e+00, -1.00902709e+00,         8.43448008e-01],       [ 2.84598410e-01,  0.00000000e+00, -1.95269048e+00,         0.00000000e+00],       [ 1.56632724e+00,  2.40426331e+00, -1.83645405e+00,         4.76067861e+00],       [ 2.60710547e+00,  3.00000000e+00,  2.00000000e+00,         1.00000000e+01],       [ 4.17286037e-01,  3.00000000e+00, -2.18056114e-01,         8.68244328e+00],       [ 1.02631728e+00,  3.00000000e+00,  9.05434398e-01,         1.00000000e+01],       [ 8.86516755e-02,  2.55758943e+00,  1.42347328e+00,         6.98474663e+00],       [ 1.34908340e-04,  3.00000000e+00, -1.94400000e+00,         9.84753961e-01],       [ 0.00000000e+00,  1.96290383e+00,  2.88807147e-01,         1.00000000e+01],       [ 5.48553519e-01,  2.41177888e+00, -2.00000000e+00,         1.55212872e+00],       [ 1.65601661e+00,  1.13984662e+00,  1.16968203e+00,         4.83262586e+00],       [ 3.00000000e+00,  0.00000000e+00, -1.19727970e+00,         2.21452547e+00],       [ 0.00000000e+00,  2.48851693e+00,  3.86630123e-01,         1.00000000e+01],       [ 2.24461023e-03,  3.00000000e+00,  8.33047665e-01,         1.00000000e+01],       [ 1.84131888e+00,  2.50679882e+00,  1.75318968e+00,         2.02877005e+00],       [ 0.00000000e+00,  0.00000000e+00, -1.97182506e+00,         5.90905094e+00],       [ 0.00000000e+00,  0.00000000e+00, -1.05746118e-01,         0.00000000e+00],       [ 1.04112167e+00,  6.77047402e-01, -2.00000000e+00,         0.00000000e+00],       [ 2.63308766e+00,  1.54829116e+00,  6.66775100e-01,         4.24113717e+00],       [ 0.00000000e+00,  0.00000000e+00, -2.00000000e+00,         1.43776795e+00],       [ 0.00000000e+00,  1.03786753e+00,  2.33880552e-01,         5.60504885e+00],       [ 0.00000000e+00,  2.78250461e+00, -2.00000000e+00,         0.00000000e+00],       [ 2.71244775e+00,  2.40177459e+00,  6.17241164e-01,         1.15835927e+00],       [ 3.00000000e+00,  3.00000000e+00, -1.19978409e+00,         2.05676429e+00],       [ 1.79744950e+00,  3.00000000e+00,  1.98051333e+00,         3.98534806e+00],       [ 1.03190064e+00,  2.72509393e+00, -2.00000000e+00,         0.00000000e+00],       [ 1.81366449e+00,  7.82038707e-02, -1.05980654e+00,         9.21703663e+00],       [ 0.00000000e+00,  3.00000000e+00, -2.00000000e+00,         2.06380885e+00],       [ 1.94607071e-01,  2.96753170e+00, -2.00000000e+00,         1.70017905e+00],       [ 3.00000000e+00,  3.00000000e+00, -2.00000000e+00,         4.54510433e+00],       [ 9.24750965e-01,  1.47128814e+00, -2.38579022e-01,         5.03394943e+00],       [ 1.96966565e+00,  0.00000000e+00, -2.00000000e+00,         1.24935917e+00],       [ 1.73526069e+00,  0.00000000e+00, -1.99970076e+00,         3.53881293e+00],       [ 4.90183682e-01,  5.63795114e-01, -9.09765393e-01,         3.29851577e+00],       [ 7.64624804e-01,  3.68645297e-01, -6.11460370e-01,         6.56087206e+00],       [ 1.42033851e+00,  0.00000000e+00, -1.79943085e+00,         1.65799388e+00],       [ 0.00000000e+00,  2.83638029e-01, -1.95447831e+00,         1.00000000e+01],       [ 3.00000000e+00,  3.00000000e+00, -1.67809836e+00,         6.19125492e+00],       [ 2.50406894e+00,  1.08383789e-01, -3.77559737e-01,         6.40649946e+00],       [ 3.00000000e+00,  3.00000000e+00, -2.00000000e+00,         3.61297602e+00],       [ 2.62562793e+00,  0.00000000e+00, -2.00000000e+00,         0.00000000e+00],       [ 0.00000000e+00,  0.00000000e+00,  2.00000000e+00,         2.19192348e+00],       [ 2.17656941e+00,  2.87738160e+00,  9.52711779e-01,         9.74923034e+00],       [ 2.59796258e+00,  2.07374033e+00,  1.72010348e+00,         1.65757641e+00],       [ 6.45331959e-01,  3.00000000e+00,  1.55607379e+00,         5.93074059e+00],       [ 1.76405292e-01,  0.00000000e+00, -1.74777328e+00,         2.24719131e+00],       [ 1.36686057e+00,  1.86739210e+00,  1.69737161e+00,         8.55938903e-02],       [ 1.82766608e+00,  0.00000000e+00, -1.49029503e+00,         1.69304520e+00],       [ 2.55416798e+00,  3.00000000e+00, -2.00000000e+00,         1.00000000e+01],       [ 0.00000000e+00,  0.00000000e+00, -5.58549034e-01,         2.53870427e+00],       [ 9.87583407e-01,  1.70659944e-01,  5.22836634e-01,         5.92324283e+00],       [ 0.00000000e+00,  3.00000000e+00,  3.24653352e-01,         2.57105771e+00],       [ 7.90564143e-01,  1.04637035e+00,  4.94729613e-01,         4.48000110e+00],       [ 1.02315976e+00,  0.00000000e+00, -1.65197723e+00,         2.29598430e+00],       [ 4.23914597e-01,  2.32167170e+00, -7.92136802e-01,         7.44464286e+00],       [ 1.78276979e+00,  0.00000000e+00, -9.85873453e-01,         1.76055627e+00],       [ 2.10508009e+00,  3.00000000e+00, -6.67528885e-02,         3.71521187e+00],       [ 5.89154185e-02,  3.00000000e+00,  9.49632674e-01,         4.76884724e+00],       [ 2.02332198e+00,  1.70480805e+00,  8.57709253e-01,         4.00846209e-02],       [ 3.00000000e+00,  1.44997693e+00, -1.69687942e+00,         2.42937283e+00],       [ 1.75692269e+00,  0.00000000e+00, -2.00000000e+00,         1.81805194e+00],       [ 6.25332989e-01,  1.70355607e+00, -2.00000000e+00,         1.00000000e+01],       [ 9.72704370e-01,  2.61991013e+00,  9.93021275e-01,         2.67613991e+00],       [ 0.00000000e+00,  3.29564313e-02,  7.36591854e-01,         1.47747454e+00],       [ 3.00000000e+00,  9.82625200e-01, -2.00000000e+00,         3.73387319e+00],       [ 0.00000000e+00,  0.00000000e+00, -5.93655358e-01,         2.81153930e+00],       [ 3.39729541e-01,  2.13660537e+00, -1.81469320e+00,         6.09872895e+00]])
all_costs=array([-20340.53515625, -20325.21484375, -20325.21484375, -20340.90039062,       -20340.5390625 , -20325.21484375, -20325.21484375, -20325.21484375,       -20334.8046875 , -20330.90429688, -20325.21484375, -20325.21484375,        -2600.33862305, -20330.03515625,  -3262.79223633, -20325.21484375,       -20325.21484375, -20365.5625    , -20363.63085938, -20368.41210938,       -20328.83398438, -20368.97265625, -20325.21484375, -20325.21484375,       -20325.21484375, -20368.80273438, -20368.89453125, -20325.21484375,       -20368.97265625,  -3469.47509766,  -2048.58764648, -20326.41992188,       -20330.00195312, -20368.6484375 ,  -2245.88916016, -20327.62890625,       -20325.21484375, -20325.21484375,  -2718.5480957 , -20325.21484375,       -20330.04101562, -20325.21484375, -20325.21484375, -20348.26757812,       -20325.21484375, -20325.21484375, -20325.21484375, -20325.21484375,       -20325.21484375, -20369.06054688, -20325.21484375, -20325.21484375,       -20325.21484375,  -2577.7121582 , -20331.24023438, -20339.41796875,       -20325.21484375, -20325.21484375, -20325.21484375, -19655.32421875,       -20325.21484375, -20325.21484375, -20335.89648438, -20325.21484375,       -20333.52539062, -20345.296875  , -20325.21484375, -20347.38671875,       -20325.21484375, -20328.828125  , -20367.3828125 , -17930.9296875 ,       -20325.21484375, -20325.21484375, -20325.21484375, -20325.21484375,       -20330.03515625, -20325.21484375, -20338.27148438, -20325.21484375])
all_uncers=array([0., 0., 0., 0., 0., 0., 0., 0., 0., 0., 0., 0., 0., 0., 0., 0., 0.,       0., 0., 0., 0., 0., 0., 0., 0., 0., 0., 0., 0., 0., 0., 0., 0., 0.,       0., 0., 0., 0., 0., 0., 0., 0., 0., 0., 0., 0., 0., 0., 0., 0., 0.,       0., 0., 0., 0., 0., 0., 0., 0., 0., 0., 0., 0., 0., 0., 0., 0., 0.,       0., 0., 0., 0., 0., 0., 0., 0., 0., 0., 0., 0.])
best_cost=-20369.060546875
best_params=array([ 0.        ,  0.28363803, -1.95447831, 10.        ])
best_index=49
worst_cost=-2048.587646484375
worst_index=30
cost_range=18320.472900390625
costs_count=80
params_count=54
length_scale=1
noise_level=1
cost_scaler_init_index=11
net_0={'last_hyperfit': 0, 'last_net_reg': 1e-08, 'losses_list': [0.6499109, 0.05056604, 0.0151596125, 0.0014034999, 0.0006122334, 0.00043525323, 0.00020241625, 9.7960154e-05, 3.883062e-05, 1.2603244e-05, 4.1847875e-06, 1.5569767e-06, 8.9942716e-07, 6.275288e-07, 5.644362e-07, 5.401366e-07, 5.2245775e-07, 5.146546e-07, 5.1336826e-07, 5.132751e-07, 5.1310195e-07, 5.129519e-07, 5.129265e-07, 5.1292017e-07, 5.129168e-07, 5.1291534e-07, 5.1291505e-07, 5.1291477e-07, 5.129147e-07, 5.1291465e-07, 898888.06, 882717.8, 583591.94, 247083.31, 249004.66, 192082.94, 182399.5, 159415.3, 145900.88, 126786.94, 97379.14, 88152.57, 68507.12, 62273.598, 193484.47, 127956.18, 108858.41, 91501.07, 71888.13, 55651.53, 41335.2, 30666.148, 22336.582, 15729.781, 10307.1045, 6424.949, 4205.7056, 2107.498, 1019.95197, 547.5181, 210.71661, 83.27535, 33.51208, 12.660329, 4.495067, 1.8157245, 0.8715991, 0.44179672, 0.18409444, 0.08013205, 0.05097628, 0.045815263, 190660.4, 138771.92, 125709.5, 119674.57, 191979.03, 129916.84, 114217.16, 56704.79, 21909.305, 6835.657, 1580.2181, 642.814, 277.5896, 130.08415, 82.353874, 34.729702, 16.658638, 9.421886, 5.599865, 3.5756178, 2.2019362, 1.4378796, 0.8047362, 0.46932814, 0.2717451, 0.17599563, 0.104002975, 0.06575716, 0.036827177, 0.021587595, 0.012901485, 0.007857794, 0.004716204, 0.0029263524, 0.0017524315, 0.0010402582, 0.0006404611, 0.00037870446, 0.00023559305, 0.00015984787, 0.00010411878, 0.000101597354, 6.619223e-05, 6.6571905e-05, 2.3425178e-05, 1.4748976e-05, 1.057597e-05, 7.4645623e-06, 5.8990745e-06, 4.234714e-06, 3.2951707e-06, 2.5623017e-06, 2.0435873e-06, 1.7347618e-06, 1.5399426e-06, 1.4026547e-06, 4961.954, 5447.235, 1491.2477, 171.3912, 94.22877, 25.938349, 16.804037, 13.424963, 9.084685, 18.827343, 3790.194, 881.75165, 204.18732, 108.36057, 8487.522, 12426.929, 48537.83, 8030.667, 2426.2847, 1597.2318, 848.42065, 478.2186, 281.08804, 177.16005, 107.278595, 72.76568, 43.600723, 27.021933, 18.467697, 9.11407, 6.325207, 4.5094337, 3.1545377, 2.735679, 2.244992, 1.2298008, 223.15445, 30.59084, 13.247589, 6.7458134, 3.820232, 2.228455, 1.4420485, 0.81826586, 0.6601449, 0.3809345, 0.28344968, 0.21879184, 0.17579252, 0.24955834, 0.14283223, 0.118186325, 26807.77, 1594.6415, 79.2287, 38.86537, 21.059908, 15.143203, 10.637552, 6.3261247, 3.151561, 6.7807374, 1.2273288, 0.9816147, 0.41787076, 0.27744448, 0.20734012, 0.14883289, 0.120158516, 0.09020243, 0.061534923, 0.034281626, 0.02683078, 0.023200931, 0.01119552, 0.009842656, 0.0064145857, 0.005599418, 0.0036650647, 0.003544926, 0.0024980055, 0.0019661703, 490.9943, 855.6696, 75.27452, 10.8618355, 9.855628, 4.934389, 3.3437948, 1.0236486, 185.37473, 75.163895, 117.193855, 429.16058, 34.1261, 116.19966, 22.3316, 25.280386, 291.63303, 30.71055, 337.67633, 69.96852, 58.716606, 36.03745, 5.141117, 6.0425005, 149.66866, 41.128613, 12.994526, 86.97293, 2.6426194, 2.838367, 18.899311, 37.604816], 'scaler_samples': (array([[ 0.48177511,  0.56208605,  0.38540748,  3.09171694],       [ 2.92290515,  0.49038253, -1.36459207,  6.85488248],       [ 1.14333854,  0.13464285,  0.72310177,  4.6044385 ],       [ 2.96179765,  2.92690965,  1.97977769,  0.19055148],       [ 0.27866035,  2.61268035, -0.93413943,  6.7889806 ],       [ 0.83564597,  1.75988701,  1.93018833,  3.24347131],       [ 1.86771682,  0.5641719 , -0.43240122,  3.83612035],       [ 0.5873777 ,  1.61898573,  1.35948464,  9.12567762],       [ 1.65725531,  2.47731302,  0.02090418,  5.17997078],       [ 0.54348339,  2.48837229, -0.74030231,  0.6592232 ],       [ 1.22832737,  1.42431442,  1.27606874,  7.43970046]]), array([-20340.53515625, -20325.21484375, -20325.21484375, -20340.90039062,       -20340.5390625 , -20325.21484375, -20325.21484375, -20325.21484375,       -20334.8046875 , -20330.90429688, -20325.21484375])), 'net': {'saver_path': './M-LOOP_archives\\neural_net_archive_2022-02-25_15-28_K5StAA_r.ckpt'}}
net_1={'last_hyperfit': 0, 'last_net_reg': 1e-08, 'losses_list': [4.7868056, 0.51411116, 0.08179416, 0.015697954, 0.015012742, 0.0021819717, 0.0019113381, 0.0006540163, 0.0001151093, 6.9929134e-05, 3.2095064e-05, 8.261141e-06, 1.9595159e-06, 1.5919927e-06, 1.0691058e-06, 7.106967e-07, 5.7505645e-07, 5.5374966e-07, 5.491909e-07, 5.4538845e-07, 5.440985e-07, 5.43471e-07, 5.431966e-07, 5.431236e-07, 5.431052e-07, 5.4310124e-07, 5.4310004e-07, 5.430993e-07, 5.4309913e-07, 5.430991e-07, 897938.06, 870448.56, 543134.2, 257072.03, 201384.02, 178511.72, 143685.69, 132124.53, 112467.62, 105973.086, 80417.9, 74918.49, 303773.47, 226171.6, 164282.36, 95914.37, 52324.27, 34476.19, 25740.297, 20407.172, 15844.294, 12586.674, 10866.808, 9446.848, 7788.945, 6864.4546, 6066.5166, 5343.119, 4758.0557, 4247.2505, 3735.1577, 3397.2866, 2980.4644, 2622.166, 2355.69, 2051.1614, 1817.4564, 1554.4727, 1351.2677, 1153.563, 965.3336, 809.7807, 690.2246, 557.26904, 446.5642, 348.28403, 255.24608, 184.62906, 139.01205, 95.661514, 66.87541, 45.113243, 30.780474, 18.228626, 10.763611, 5.826119, 3.3028998, 1.5858961, 0.80538285, 0.40595266, 0.19895934, 0.11310798, 0.0522301, 0.026573716, 0.0147712, 0.008509182, 0.0048275124, 0.0031083052, 0.0020947654, 0.0016386961, 0.0010913566, 0.000833797, 0.0007025916, 0.00061881234, 0.00037337042, 0.00027969546, 0.00020770589, 0.00039735806, 0.00012222581, 8.9350826e-05, 9.447641e-05, 6.2532665e-05, 8.996316e-05, 3.673722e-05, 225858.0, 148514.23, 87262.4, 72280.04, 65537.12, 33006.9, 18588.379, 6902.552, 1992.6514, 528.2441, 222.58987, 44.06622, 378.22034, 64.06524, 8.315861, 5.706202, 4.6494966, 7.9794345, 5.5046225, 6.1557145, 2.3275495, 2.6193633, 138236.12, 35760.348, 11543.641, 4807.964, 2132.1562, 942.11786, 584.69574, 329.38425, 175.24397, 104.76094, 76.114586, 37.11664, 22.340893, 14.92325, 10.095103, 5.0583634, 3.3929417, 2.0248806, 1.3747652, 1.2785457, 0.754759, 0.6354612, 0.4534483, 0.41227105, 0.24967006, 0.20905375, 5415.5127, 349.85623, 135.45728, 84.510376, 74.20487, 67.03876, 45.582638, 37.77299, 30.248901, 28.005531, 13279.81, 157.3041, 36.151054, 19.547903, 15.251225, 12.866323, 10.824364, 9.278986, 9.652775, 7.266199, 6.2606783, 7.003787, 6.1732802, 4.25996, 1200.6824, 561.70746, 214.92494, 23.916065, 307478.3, 105041.52, 49370.977, 19411.857, 14874.051, 5085.1724, 2277.9873, 2124.8774, 1232.6588, 885.8039, 740.8169, 475.99557, 374.11346, 301.61588, 465.38138, 272.46143, 212.01659, 163.24861, 134.54974, 107.27102, 84.931755, 69.86002, 58.927567, 48.916695, 41.566013, 35.90483, 31.38275, 26.76709, 22.924444, 19.365026, 17.140808, 17.352573, 13.765957, 10.902719, 9.488452, 8.54966, 14760.916, 366.0783, 63.53846, 30.94551, 18.649515, 12.037374, 8.638715, 6.5073586, 5.0965757, 3.7924356, 2.9559913, 2.3717077, 1.9458399, 1.4276443, 1.1222625, 0.90734524, 0.7131369, 0.57772315, 0.45747992, 0.34644824, 0.3095011, 0.23068821, 1897.5977, 86.534294, 1033.0039, 3201.6426, 2986.2998, 886.7359, 146.67577, 73.85492, 46.73889, 29.665451, 20.621092, 15.662275, 11.258052, 8.759949, 6.377292, 4.9416494, 4.1042843, 3.422941, 2.934498, 2.0625877, 1.7276558, 1.3367132, 1.0559496, 0.8886179, 0.72412765, 0.61253524, 0.48687157, 0.40539062, 0.39690715, 0.29687387, 1293.5527, 247.91547, 65.91243, 68.92803, 905.00793, 188.25844, 29.173916, 22.09745, 13.850865, 10.686589, 8.288276, 7.0635586], 'scaler_samples': (array([[ 0.48177511,  0.56208605,  0.38540748,  3.09171694],       [ 2.92290515,  0.49038253, -1.36459207,  6.85488248],       [ 1.14333854,  0.13464285,  0.72310177,  4.6044385 ],       [ 2.96179765,  2.92690965,  1.97977769,  0.19055148],       [ 0.27866035,  2.61268035, -0.93413943,  6.7889806 ],       [ 0.83564597,  1.75988701,  1.93018833,  3.24347131],       [ 1.86771682,  0.5641719 , -0.43240122,  3.83612035],       [ 0.5873777 ,  1.61898573,  1.35948464,  9.12567762],       [ 1.65725531,  2.47731302,  0.02090418,  5.17997078],       [ 0.54348339,  2.48837229, -0.74030231,  0.6592232 ],       [ 1.22832737,  1.42431442,  1.27606874,  7.43970046]]), array([-20340.53515625, -20325.21484375, -20325.21484375, -20340.90039062,       -20340.5390625 , -20325.21484375, -20325.21484375, -20325.21484375,       -20334.8046875 , -20330.90429688, -20325.21484375])), 'net': {'saver_path': './M-LOOP_archives\\neural_net_archive_2022-02-25_15-28_vrGRFm2m.ckpt'}}
net_2={'last_hyperfit': 0, 'last_net_reg': 1e-08, 'losses_list': [1.6273612, 0.15569605, 0.05179483, 0.0035891375, 0.006270058, 0.0017571738, 0.0005387358, 0.00023204394, 7.185483e-05, 1.3402819e-05, 7.8929515e-06, 5.575789e-06, 1.8333933e-06, 8.461637e-07, 6.473067e-07, 5.800895e-07, 5.622627e-07, 5.4823033e-07, 5.4179606e-07, 5.3966596e-07, 5.392231e-07, 5.391048e-07, 5.390553e-07, 5.3904256e-07, 5.390345e-07, 5.390308e-07, 5.390292e-07, 5.3902903e-07, 5.390288e-07, 5.390288e-07, 898549.94, 883408.2, 630538.5, 311169.28, 217902.78, 173584.45, 131135.14, 113833.53, 100633.88, 89589.94, 71076.85, 61747.535, 54142.418, 47672.05, 36403.094, 27010.879, 16571.316, 9257.821, 3735.9968, 1040.9282, 210.50087, 21.517385, 1.0650343, 0.1891386, 0.28189832, 0.2178579, 1.4041734, 1.4100075, 473020.1, 184551.12, 96395.11, 24843.174, 9587.857, 6020.023, 4528.76, 3709.622, 3138.9487, 2729.136, 2410.52, 2053.9312, 1802.866, 1506.5985, 1229.5161, 945.47107, 737.0162, 536.1089, 373.71094, 266.8259, 183.49983, 123.032524, 85.54466, 55.692608, 35.504467, 20.734259, 12.029692, 7.2503858, 4.321547, 2.5585582, 1.6462142, 1.0222889, 0.7383002, 0.430378, 0.35170808, 0.25537297, 0.22378954, 0.19006601, 0.15463167, 0.13794835, 250600.62, 125796.77, 62954.414, 34644.5, 7437.54, 3392.841, 205.16257, 54.100765, 9.242038, 3.5371509, 1.47079, 0.6686741, 0.70211387, 0.2559513, 0.16379939, 0.12284927, 0.1095822, 0.083362766, 190771.52, 143673.3, 114307.68, 100611.945, 62168.652, 3670.3918, 6470.557, 504.03342, 77.30836, 53.754856, 32.429714, 26.499119, 21.842098, 17.696743, 13.745877, 11.116878, 9.51081, 8.362941, 7.4387918, 6.6985917, 5010.835, 443.74646, 1682.1472, 144.63301, 69.8826, 54.202614, 42.38698, 35.12971, 29.946262, 26.48351, 20193.81, 4031.684, 154.11377, 153.7913, 27.673794, 22.765547, 20.501028, 18.92985, 1898.3582, 6266.074, 138347.55, 19625.443, 3373.5173, 974.26575, 325.5373, 120.35357, 59.644623, 31.021135, 22.90773, 16.53175, 13.715347, 11.468942, 9.983255, 8.634546, 7.7062125, 7.062868, 256.77896, 97.929985, 36.134697, 24.01076, 17.530708, 15.135008, 11.433196, 9.715879, 8.504084, 7.560149, 6.7278566, 6.1493707, 6519.7, 241.40204, 180.032, 162.54503, 239.76764, 202.46605, 179.02353, 161.87735, 149.20566, 133.63539, 123.46615, 120.09309, 1086.4711, 717.45575, 174.123, 122.0651, 114.253586, 110.06456, 413.93622, 103.88991, 97.96686, 95.05271], 'scaler_samples': (array([[ 0.48177511,  0.56208605,  0.38540748,  3.09171694],       [ 2.92290515,  0.49038253, -1.36459207,  6.85488248],       [ 1.14333854,  0.13464285,  0.72310177,  4.6044385 ],       [ 2.96179765,  2.92690965,  1.97977769,  0.19055148],       [ 0.27866035,  2.61268035, -0.93413943,  6.7889806 ],       [ 0.83564597,  1.75988701,  1.93018833,  3.24347131],       [ 1.86771682,  0.5641719 , -0.43240122,  3.83612035],       [ 0.5873777 ,  1.61898573,  1.35948464,  9.12567762],       [ 1.65725531,  2.47731302,  0.02090418,  5.17997078],       [ 0.54348339,  2.48837229, -0.74030231,  0.6592232 ],       [ 1.22832737,  1.42431442,  1.27606874,  7.43970046]]), array([-20340.53515625, -20325.21484375, -20325.21484375, -20340.90039062,       -20340.5390625 , -20325.21484375, -20325.21484375, -20325.21484375,       -20334.8046875 , -20330.90429688, -20325.21484375])), 'net': {'saver_path': './M-LOOP_archives\\neural_net_archive_2022-02-25_15-28_Xzk3eXo3.ckpt'}}
