archive_type='neural_net_learner'
num_params=3
min_boundary=array([ 0.,  0., -2.])
max_boundary=array([3., 3., 2.])
start_datetime='2022-02-25_15-07'
param_names=['', '', '']
bad_run_indexs=[[], [], [], [], [], [], [], [], [], [], [], []]
generation_num=3
search_precision=1e-06
parameter_searches=10
hyperparameter_searches=10
bad_uncer_frac=0.1
trust_region=nan
has_trust_region=False
predict_global_minima_at_end=True
predicted_best_parameters=array([0.        , 0.        , 0.96512269])
predicted_best_scaled_cost=-25463.887607020722
predicted_best_cost=-25463.887607020722
all_params=array([[ 3.35256706e-01,  3.63996999e-01, -3.39292376e-02],       [ 2.42666321e+00,  1.53650972e+00,  5.17568188e-01],       [ 3.04967910e-01,  1.31679385e+00, -1.81894896e+00],       [ 7.59547815e-01,  2.99204969e+00, -7.81284118e-01],       [ 6.39801756e-01,  1.70582677e+00,  1.95085901e+00],       [ 2.50361496e+00,  1.92111853e+00, -7.29083133e-01],       [ 2.38849061e+00,  3.08095389e-01, -1.27873381e-01],       [ 2.05615353e+00,  2.18563078e+00, -1.37043455e+00],       [ 1.92493165e+00,  1.73225643e+00,  3.56867217e-01],       [ 2.38858466e+00,  2.97138612e+00, -2.85093111e-01],       [ 1.92568023e+00,  1.48283593e+00,  5.79477356e-01],       [ 4.39761840e-01,  2.58755989e+00,  1.29044840e+00],       [ 0.00000000e+00,  0.00000000e+00,  1.00543468e+00],       [ 0.00000000e+00,  0.00000000e+00,  1.65030322e-01],       [ 2.03323822e+00,  0.00000000e+00, -2.00000000e+00],       [ 9.65051230e-01,  2.53971652e+00,  1.88890036e+00],       [ 0.00000000e+00,  0.00000000e+00,  1.09950114e+00],       [ 0.00000000e+00,  0.00000000e+00,  7.46385832e-01],       [ 0.00000000e+00,  0.00000000e+00,  5.79801082e-01],       [ 1.05830161e+00,  1.17063954e-01,  7.71862425e-01],       [ 0.00000000e+00,  0.00000000e+00, -3.10224604e-01],       [ 0.00000000e+00,  0.00000000e+00,  7.30460879e-01],       [ 0.00000000e+00,  0.00000000e+00,  4.65304498e-01],       [ 4.72061838e-02,  1.41061438e+00, -1.64635738e+00],       [ 0.00000000e+00,  0.00000000e+00, -3.31802769e-04],       [ 0.00000000e+00,  0.00000000e+00, -1.38359472e-01],       [ 0.00000000e+00,  3.70450599e-01, -1.55497709e-02],       [ 8.34203477e-01,  8.01114482e-01, -1.11136625e+00],       [ 0.00000000e+00,  2.86169898e-02, -2.74393628e-02],       [ 0.00000000e+00,  2.17998800e-01,  1.33006718e-01],       [ 0.00000000e+00,  1.91296056e-01, -7.80651989e-02],       [ 2.49540850e+00,  1.66473702e+00, -1.42804823e+00],       [ 0.00000000e+00,  1.91564670e-01, -1.26925112e-01],       [ 0.00000000e+00,  2.32799649e-01,  1.86646080e-01],       [ 0.00000000e+00,  6.48599021e-02, -9.21739933e-02],       [ 5.25139909e-01,  8.04944151e-01,  1.71662886e+00],       [ 0.00000000e+00,  2.06531370e-01, -1.40496435e-01],       [ 0.00000000e+00,  9.29551803e-02,  5.21807898e-01],       [ 0.00000000e+00,  0.00000000e+00,  9.19522952e-01],       [ 6.55004695e-01,  2.19077094e+00, -6.00725683e-01],       [ 0.00000000e+00,  0.00000000e+00,  9.62546855e-01],       [ 0.00000000e+00,  2.02208267e-01,  8.27108498e-02],       [ 0.00000000e+00,  0.00000000e+00,  8.58592775e-01],       [ 8.18977697e-01,  1.25209019e+00, -1.25820413e+00],       [ 0.00000000e+00,  1.73698128e-01, -1.29459447e-01],       [ 0.00000000e+00,  1.81352298e-01,  9.59976222e-02],       [ 0.00000000e+00,  0.00000000e+00,  8.52811344e-01],       [ 2.31408310e+00,  5.26382071e-01,  5.71618656e-01],       [ 0.00000000e+00,  0.00000000e+00,  2.61386012e-01],       [ 0.00000000e+00,  1.97918100e-01,  4.91202141e-02],       [ 0.00000000e+00,  0.00000000e+00,  8.54612021e-01],       [ 1.89492998e+00,  6.69604026e-01,  1.58454330e+00],       [ 0.00000000e+00,  0.00000000e+00,  4.25683164e-01]])
all_costs=array([-25460.16601562, -25408.38671875, -25408.30859375, -25427.38476562,       -25408.30859375, -25408.30859375, -25429.08398438, -25408.30859375,       -25408.32421875, -25408.30859375, -25408.95703125, -25408.30859375,       -25463.83398438, -25463.77929688, -25408.30859375, -25408.30859375,       -25463.859375  , -25463.78515625, -25463.89257812, -25408.30859375,       -25463.84179688, -25463.78515625, -25463.9140625 , -25408.30859375,       -25463.875     , -25463.76171875, -25463.83984375, -25408.30859375,       -25463.86132812, -25463.77929688, -25463.81445312, -25408.30859375,       -25463.78710938, -25463.82421875, -25463.875     , -25408.30859375,       -25463.8046875 , -25463.73632812, -25463.83203125, -25425.4453125 ,       -25463.76953125, -25463.7890625 , -25463.89257812, -25408.30859375,       -25463.80859375, -25463.87109375, -25463.80664062, -25408.30859375,       -25463.83984375, -25463.77734375, -25463.87890625, -25408.30859375,       -25463.90039062])
all_uncers=array([0., 0., 0., 0., 0., 0., 0., 0., 0., 0., 0., 0., 0., 0., 0., 0., 0.,       0., 0., 0., 0., 0., 0., 0., 0., 0., 0., 0., 0., 0., 0., 0., 0., 0.,       0., 0., 0., 0., 0., 0., 0., 0., 0., 0., 0., 0., 0., 0., 0., 0., 0.,       0., 0.])
best_cost=-25463.9140625
best_params=array([0.       , 0.       , 0.4653045])
best_index=22
worst_cost=-25408.30859375
worst_index=2
cost_range=55.60546875
costs_count=53
params_count=33
length_scale=1
noise_level=1
cost_scaler_init_index=11
net_0={'last_hyperfit': 0, 'last_net_reg': 1e-08, 'losses_list': [0.60781527, 0.03426674, 0.015336627, 0.0051682554, 0.0020042749, 0.00062603306, 0.00018702095, 6.8268e-05, 3.0286523e-05, 1.4697916e-05, 6.4054716e-06, 1.8826906e-06, 6.3594945e-07, 6.249697e-07, 6.155534e-07, 5.6257096e-07, 5.4574025e-07, 5.4135467e-07, 5.4067755e-07, 5.40008e-07, 5.39676e-07, 5.397156e-07, 5.3964993e-07, 5.3964885e-07, 5.3964743e-07, 5.3964607e-07, 5.396459e-07, 5.396456e-07, 5.3964567e-07, 5.396456e-07, 0.105689146, 0.009209992, 0.0056976285, 0.0016144376, 0.0006208564, 0.00016081752, 7.507262e-05, 6.0684733e-06, 9.758136e-06, 2.3868533e-06, 1.529686e-06, 8.8889e-07, 7.4421416e-07, 6.331559e-07, 0.0065349103, 0.0011691675, 0.25085005, 0.055690937, 0.00859617, 0.0007986238, 0.00029804147, 0.00012326766, 6.4621556e-05, 3.7239082e-05, 3.157372e-05, 2.2151744e-05, 1.6195905e-05, 1.7796081e-05, 1.2780588e-05, 1.0978568e-05, 0.0011489592, 0.00044234138, 0.0001748282, 8.369073e-05, 3.515773e-05, 2.4170326e-05, 2.2028318e-05, 1.9397501e-05, 0.027883675, 0.0020352663, 0.00048692126, 7.695993e-05, 6.454937e-05, 2.3559907e-05, 2.667023e-05, 2.0210893e-05, 2.1612967e-05, 1.85748e-05, 4.3784024e-05, 3.7242986e-05, 0.00297556, 0.0010866447, 0.00023132192, 2.8702096e-05, 0.00016578536, 5.3723837e-05, 0.008961228, 0.00014926275, 4.9633556e-05, 2.9875398e-05, 2.0282809e-05, 6.883131e-05, 0.0006540891, 6.4128006e-05, 2.1089189e-05, 2.222863e-05, 1.4241889e-05, 2.614103e-05, 1.800714e-05, 7.4744044e-06, 0.0027528172, 0.0034494542, 0.021715356, 0.0031911933, 0.00040607303, 0.00037468562, 5.2250816e-05, 2.0993915e-05], 'scaler_samples': (array([[ 0.33525671,  0.363997  , -0.03392924],       [ 2.42666321,  1.53650972,  0.51756819],       [ 0.30496791,  1.31679385, -1.81894896],       [ 0.75954782,  2.99204969, -0.78128412],       [ 0.63980176,  1.70582677,  1.95085901],       [ 2.50361496,  1.92111853, -0.72908313],       [ 2.38849061,  0.30809539, -0.12787338],       [ 2.05615353,  2.18563078, -1.37043455],       [ 1.92493165,  1.73225643,  0.35686722],       [ 2.38858466,  2.97138612, -0.28509311],       [ 1.92568023,  1.48283593,  0.57947736]]), array([-25460.16601562, -25408.38671875, -25408.30859375, -25427.38476562,       -25408.30859375, -25408.30859375, -25429.08398438, -25408.30859375,       -25408.32421875, -25408.30859375, -25408.95703125])), 'net': {'saver_path': './M-LOOP_archives\\neural_net_archive_2022-02-25_15-07_jH2uBzRB.ckpt'}}
net_1={'last_hyperfit': 0, 'last_net_reg': 1e-08, 'losses_list': [0.96962464, 0.16215278, 0.034909178, 0.0103612095, 0.0047727064, 0.0014765566, 0.00059702597, 0.0002538495, 5.0870865e-05, 2.8080145e-05, 9.44028e-06, 3.19949e-06, 1.2269008e-06, 7.796317e-07, 6.937731e-07, 6.150967e-07, 5.646828e-07, 5.472769e-07, 5.4205253e-07, 5.4019193e-07, 5.396327e-07, 5.3951675e-07, 5.3949043e-07, 5.3946667e-07, 5.3945564e-07, 5.3945183e-07, 5.3945e-07, 5.394493e-07, 5.394488e-07, 5.394483e-07, 0.19053353, 0.037580714, 0.0067770416, 0.002536923, 0.0010900506, 0.00024288458, 0.00016173185, 4.1342577e-05, 1.21265475e-05, 5.2075848e-06, 1.7342527e-06, 1.3847639e-06, 6.570243e-07, 6.40415e-07, 5.6602687e-07, 5.5059576e-07, 0.0030609565, 0.0011723277, 0.009160111, 0.020795597, 0.095506966, 0.0044869976, 0.0015309983, 0.00042876662, 9.610992e-05, 6.176927e-05, 0.00010253053, 4.3858992e-05, 0.003186003, 0.00056151795, 0.00054490624, 7.2015515e-05, 3.5750807e-05, 5.134455e-05, 0.009148197, 0.00078792416, 0.0001927111, 9.505199e-05, 6.342078e-05, 5.8887283e-05, 0.00015704623, 0.00020102842, 0.0001994979, 0.0011550192, 0.008489549, 0.00045843507, 7.623883e-05, 6.421602e-05, 4.288766e-05, 3.9403018e-05, 0.0061013894, 0.00022410585, 7.447547e-05, 3.5491044e-05, 0.0001391327, 2.0134756e-05, 5.1730804e-05, 4.893397e-05, 3.0515417e-05, 3.831472e-05, 0.00045584972, 0.0011483282], 'scaler_samples': (array([[ 0.33525671,  0.363997  , -0.03392924],       [ 2.42666321,  1.53650972,  0.51756819],       [ 0.30496791,  1.31679385, -1.81894896],       [ 0.75954782,  2.99204969, -0.78128412],       [ 0.63980176,  1.70582677,  1.95085901],       [ 2.50361496,  1.92111853, -0.72908313],       [ 2.38849061,  0.30809539, -0.12787338],       [ 2.05615353,  2.18563078, -1.37043455],       [ 1.92493165,  1.73225643,  0.35686722],       [ 2.38858466,  2.97138612, -0.28509311],       [ 1.92568023,  1.48283593,  0.57947736]]), array([-25460.16601562, -25408.38671875, -25408.30859375, -25427.38476562,       -25408.30859375, -25408.30859375, -25429.08398438, -25408.30859375,       -25408.32421875, -25408.30859375, -25408.95703125])), 'net': {'saver_path': './M-LOOP_archives\\neural_net_archive_2022-02-25_15-07_ttCQcWAL.ckpt'}}
net_2={'last_hyperfit': 0, 'last_net_reg': 1e-08, 'losses_list': [7.012802, 0.40552327, 0.10910424, 0.031933177, 0.018959869, 0.0019812884, 0.0021015594, 0.0006577564, 0.00024812258, 0.00016042225, 7.864332e-05, 5.2498923e-05, 3.6931324e-05, 2.5458152e-05, 1.8000947e-05, 1.2568837e-05, 8.872001e-06, 6.192285e-06, 4.3210016e-06, 3.0324263e-06, 2.1541987e-06, 1.5689338e-06, 1.1847796e-06, 9.369652e-07, 7.8008554e-07, 6.823253e-07, 6.226246e-07, 5.867586e-07, 5.655919e-07, 5.5336494e-07, 5.4639344e-07, 5.425102e-07, 5.4040237e-07, 5.392783e-07, 5.386793e-07, 5.38376e-07, 5.382205e-07, 5.381421e-07, 5.381022e-07, 5.380824e-07, 0.82979167, 0.16205616, 0.047214817, 0.01645392, 0.0048579304, 0.0014508463, 0.00031738958, 0.000118680255, 4.090588e-05, 1.2934656e-05, 7.750398e-06, 4.066999e-06, 2.315246e-06, 1.284147e-06, 8.7158145e-07, 6.965563e-07, 6.349581e-07, 6.045582e-07, 0.0011206755, 0.0051974733, 0.2863976, 0.024024013, 0.006307947, 0.0018275762, 0.0013495224, 0.001650878, 0.00028560648, 9.675937e-05, 0.00016711956, 7.951981e-05, 4.3647327e-05, 3.948956e-05, 0.00041808546, 0.0006058818, 9.510308e-05, 9.313247e-05, 9.019119e-05, 0.00012309657, 0.056571644, 0.0077237645, 0.0020860308, 0.0006242192, 0.0003183191, 0.0002662301, 0.00012444041, 0.00017220329, 0.00037656567, 0.0004299968, 0.002795155, 0.00038533934, 0.0033603702, 0.00045223653, 0.00019632709, 0.00017612429, 0.00022900653, 7.205949e-05, 0.0054987855, 0.0001856585, 0.00013813231, 0.00017861689, 6.245246e-05, 0.00024657007, 0.00039834518, 8.8486566e-05, 0.0031422772, 0.0029897431], 'scaler_samples': (array([[ 0.33525671,  0.363997  , -0.03392924],       [ 2.42666321,  1.53650972,  0.51756819],       [ 0.30496791,  1.31679385, -1.81894896],       [ 0.75954782,  2.99204969, -0.78128412],       [ 0.63980176,  1.70582677,  1.95085901],       [ 2.50361496,  1.92111853, -0.72908313],       [ 2.38849061,  0.30809539, -0.12787338],       [ 2.05615353,  2.18563078, -1.37043455],       [ 1.92493165,  1.73225643,  0.35686722],       [ 2.38858466,  2.97138612, -0.28509311],       [ 1.92568023,  1.48283593,  0.57947736]]), array([-25460.16601562, -25408.38671875, -25408.30859375, -25427.38476562,       -25408.30859375, -25408.30859375, -25429.08398438, -25408.30859375,       -25408.32421875, -25408.30859375, -25408.95703125])), 'net': {'saver_path': './M-LOOP_archives\\neural_net_archive_2022-02-25_15-07_28ia1JZQ.ckpt'}}
