archive_type='neural_net_learner'
num_params=4
min_boundary=array([ 0.,  0., -2.,  0.])
max_boundary=array([ 3.,  3.,  2., 10.])
start_datetime='2022-02-25_15-20'
param_names=['', '', '', '']
bad_run_indexs=[[], [], [], [], [], [], [], [], [], [], [], [], [], [], [], []]
generation_num=3
search_precision=1e-06
parameter_searches=10
hyperparameter_searches=10
bad_uncer_frac=0.1
trust_region=nan
has_trust_region=False
predict_global_minima_at_end=True
predicted_best_parameters=array([0.        , 3.        , 0.78293422, 7.45491705])
predicted_best_scaled_cost=-21163.968272976057
predicted_best_cost=-21163.968272976057
all_params=array([[ 1.29130963e+00,  1.29642984e+00,  1.87125063e+00,         9.66052135e+00],       [ 7.33756013e-01,  4.15852892e-01,  1.13018109e+00,         6.53775210e+00],       [ 2.64683454e-01,  1.92537204e+00, -1.11828531e+00,         8.15607033e+00],       [ 1.99374619e+00,  5.35040116e-01, -2.34586448e-01,         4.92008953e+00],       [ 2.09641522e+00,  2.64111467e+00,  7.45235866e-01,         9.48027874e-01],       [ 2.88838487e+00,  1.82038644e+00,  5.05796079e-01,         2.18173119e+00],       [ 2.46977904e+00,  1.07141776e+00, -1.38812998e+00,         6.18720921e+00],       [ 6.77939892e-01,  1.30082826e-01,  1.57269127e+00,         2.97556587e+00],       [ 6.46899663e-01,  1.50929614e+00, -2.61280611e-02,         1.10226469e+00],       [ 9.04023322e-01,  2.12678140e+00,  1.93066273e-02,         3.69246434e+00],       [ 1.35295188e-01,  2.81229831e+00, -1.83349818e+00,         9.70184157e+00],       [ 1.48830420e-01,  2.90680531e+00, -8.98351959e-01,         1.75561777e+00],       [ 4.11594925e-01,  2.70925088e+00, -4.63324392e-01,         2.53669938e+00],       [ 8.32307586e-01,  2.67240224e+00,  4.14061810e-01,         4.50807185e+00],       [ 0.00000000e+00,  3.00000000e+00, -9.93654446e-01,         6.36324252e-01],       [ 1.53841052e+00,  2.32228084e+00,  1.43071976e+00,         3.73690446e+00],       [ 4.62072900e-01,  3.00000000e+00,  6.50722344e-01,         3.55313448e+00],       [ 1.78232844e-01,  3.00000000e+00,  4.85162337e-01,         3.33709292e+00],       [ 4.21131481e-03,  3.00000000e+00,  7.92170310e-01,         8.73706022e-01],       [ 8.86627651e-02,  2.96326981e+00,  1.44789066e+00,         8.72394387e+00],       [ 0.00000000e+00,  3.00000000e+00,  1.98620631e-01,         4.91259816e+00],       [ 0.00000000e+00,  3.00000000e+00,  5.03448744e-01,         4.69252769e+00],       [ 0.00000000e+00,  3.00000000e+00,  4.10114956e-01,         3.93586354e+00],       [ 1.10487529e+00,  8.27202725e-01, -1.14862065e+00,         5.24997978e+00],       [ 0.00000000e+00,  3.00000000e+00,  5.62466626e-01,         7.13818636e+00],       [ 0.00000000e+00,  3.00000000e+00,  9.30211516e-01,         7.19427895e+00],       [ 0.00000000e+00,  3.00000000e+00,  9.20703756e-01,         8.05109329e+00],       [ 2.33692017e+00,  1.79631670e+00,  5.17682646e-01,         9.15449241e+00],       [ 0.00000000e+00,  3.00000000e+00,  1.95242726e+00,         1.00000000e+01],       [ 0.00000000e+00,  3.00000000e+00,  1.53065406e+00,         1.00000000e+01],       [ 0.00000000e+00,  3.00000000e+00,  1.65852880e+00,         1.00000000e+01],       [ 1.79628540e+00,  5.57718451e-01,  8.58823251e-01,         1.54352978e+00],       [ 0.00000000e+00,  3.00000000e+00,  1.47744515e+00,         9.10996717e+00],       [ 0.00000000e+00,  3.00000000e+00,  8.14410422e-01,         7.36193748e+00],       [ 0.00000000e+00,  3.00000000e+00,  1.76497513e+00,         1.00000000e+01],       [ 1.90000238e+00,  2.60424987e+00, -9.12863776e-01,         1.88042385e+00],       [ 0.00000000e+00,  3.00000000e+00,  1.62081017e+00,         9.55180895e+00],       [ 0.00000000e+00,  3.00000000e+00,  8.30014691e-01,         7.46393226e+00],       [ 0.00000000e+00,  3.00000000e+00,  1.75858264e+00,         9.69277677e+00],       [ 1.20183909e+00,  4.08536818e-02,  2.98967767e-01,         1.03326155e+00],       [ 0.00000000e+00,  3.00000000e+00,  1.52805775e+00,         9.28720104e+00],       [ 0.00000000e+00,  3.00000000e+00,  8.11116721e-01,         7.39907829e+00],       [ 0.00000000e+00,  3.00000000e+00,  7.74168827e-01,         7.46871287e+00],       [ 2.25655949e+00,  7.60548116e-01,  1.35660190e+00,         5.10139521e+00],       [ 0.00000000e+00,  3.00000000e+00,  1.59221450e+00,         9.48802418e+00],       [ 0.00000000e+00,  3.00000000e+00,  1.78354058e+00,         1.00000000e+01],       [ 0.00000000e+00,  3.00000000e+00,  1.81252537e+00,         1.00000000e+01],       [ 1.05106226e+00,  2.62067403e+00,  1.29315940e-01,         8.82417487e+00],       [ 0.00000000e+00,  3.00000000e+00,  1.66775683e+00,         9.68684185e+00],       [ 0.00000000e+00,  3.00000000e+00,  1.73541098e+00,         9.80005636e+00],       [ 0.00000000e+00,  3.00000000e+00,  1.75494984e+00,         9.69494090e+00],       [ 2.87183904e+00,  1.35717795e+00,  1.96443415e+00,         1.58258413e+00],       [ 0.00000000e+00,  3.00000000e+00,  8.19892884e-01,         7.31058643e+00],       [ 0.00000000e+00,  3.00000000e+00,  1.81654714e+00,         1.00000000e+01],       [ 0.00000000e+00,  3.00000000e+00,  9.01247855e-01,         1.00000000e+01],       [ 8.32756075e-01,  2.76810212e+00, -9.01044679e-01,         5.96060423e+00],       [ 0.00000000e+00,  3.00000000e+00,  1.19048083e+00,         9.28533077e+00],       [ 0.00000000e+00,  3.00000000e+00,  7.49671369e-01,         7.63923887e+00],       [ 0.00000000e+00,  3.00000000e+00,  1.12286360e+00,         8.08269294e+00],       [ 2.59815599e+00,  1.42829439e+00,  1.00576967e+00,         1.49710282e+00],       [ 0.00000000e+00,  3.00000000e+00,  1.38721947e+00,         9.80781848e+00],       [ 0.00000000e+00,  3.00000000e+00,  7.42094551e-01,         7.49787582e+00],       [ 0.00000000e+00,  3.00000000e+00,  1.82499781e+00,         1.00000000e+01],       [ 1.88997787e+00,  1.12302032e+00, -1.62372847e+00,         9.34514618e+00],       [ 0.00000000e+00,  3.00000000e+00,  1.50578601e+00,         9.92359476e+00],       [ 0.00000000e+00,  3.00000000e+00,  1.68823346e+00,         9.71160522e+00],       [ 0.00000000e+00,  3.00000000e+00,  8.12461097e-01,         7.55830592e+00],       [ 2.29478861e+00,  1.58267351e+00,  1.65193839e+00,         3.42626566e+00],       [ 0.00000000e+00,  3.00000000e+00,  7.90953414e-01,         7.47401088e+00]])
all_costs=array([-21119.20898438, -21119.20898438, -21120.0390625 , -21121.734375  ,       -21119.96484375, -21119.69921875, -21119.20898438, -21119.20898438,       -21121.93359375, -21125.90039062, -21122.06445312, -21119.59960938,       -21126.32421875, -21129.421875  , -21120.90039062, -21119.20898438,       -21130.28515625, -21134.34375   , -21120.95117188, -21163.08398438,       -21158.03515625, -21155.23046875, -21140.93359375, -21119.20898438,       -21164.12109375, -21164.11523438, -21164.19921875, -21146.92382812,       -21164.15429688, -21164.1640625 , -21164.13476562, -21119.20898438,       -21164.19921875, -21164.234375  , -21164.20703125, -21119.20898438,       -21164.16992188, -21164.13867188, -21164.25976562, -21119.20898438,       -21164.20507812, -21164.11523438, -21164.23242188, -21119.20898438,       -21164.11523438, -21164.1796875 , -21164.22460938, -21148.18945312,       -21164.16210938, -21164.21484375, -21164.21875   , -21119.20898438,       -21164.18164062, -21164.16992188, -21164.09375   , -21120.38867188,       -21164.17773438, -21164.20898438, -21164.20507812, -21119.20898438,       -21164.16992188, -21164.17382812, -21164.22460938, -21119.20898438,       -21164.14257812, -21164.25390625, -21164.12890625, -21119.20898438,       -21164.19726562])
all_uncers=array([0., 0., 0., 0., 0., 0., 0., 0., 0., 0., 0., 0., 0., 0., 0., 0., 0.,       0., 0., 0., 0., 0., 0., 0., 0., 0., 0., 0., 0., 0., 0., 0., 0., 0.,       0., 0., 0., 0., 0., 0., 0., 0., 0., 0., 0., 0., 0., 0., 0., 0., 0.,       0., 0., 0., 0., 0., 0., 0., 0., 0., 0., 0., 0., 0., 0., 0., 0., 0.,       0.])
best_cost=-21164.259765625
best_params=array([0.        , 3.        , 1.75858264, 9.69277677])
best_index=38
worst_cost=-21119.208984375
worst_index=0
cost_range=45.05078125
costs_count=69
params_count=45
length_scale=1
noise_level=1
cost_scaler_init_index=11
net_0={'last_hyperfit': 0, 'last_net_reg': 1e-08, 'losses_list': [1.0444984, 0.115460604, 0.02476686, 0.0155115025, 0.0055044577, 0.0016288353, 0.00074657664, 4.415807e-05, 0.000114163966, 2.2153874e-05, 9.245868e-06, 4.7000667e-06, 1.4319886e-06, 8.7581145e-07, 7.752495e-07, 5.533418e-07, 5.3648375e-07, 5.3124614e-07, 5.2705803e-07, 5.2325805e-07, 5.2313027e-07, 5.2302306e-07, 5.229816e-07, 5.2294286e-07, 5.229303e-07, 5.2292916e-07, 5.2292876e-07, 5.229282e-07, 5.2292813e-07, 5.229281e-07, 1.1805372, 0.31554815, 0.13360815, 0.043708302, 0.012347845, 0.0029418485, 0.0014902804, 0.0005168202, 0.00010929002, 5.442334e-05, 2.1922207e-05, 5.922085e-06, 2.6044931e-06, 1.5234051e-06, 8.4426955e-07, 6.279943e-07, 5.764851e-07, 5.394879e-07, 0.79945385, 0.061144542, 0.022496713, 0.0070051467, 0.0029974505, 0.0012562253, 0.0004613387, 0.00037225886, 13.492134, 1.270484, 0.4215815, 0.21786983, 0.110806875, 0.102796786, 0.048145194, 0.0341644, 0.014557794, 0.0048725307, 0.0051065898, 0.00063632004, 0.00014207207, 5.8322647e-05, 4.516846e-06, 1.6782487e-06, 1.6072826e-06, 6.3333624e-07, 0.40536147, 0.12767091, 0.0065126815, 0.0046671177, 0.0013049291, 0.00049992226, 0.00036200357, 0.0002464227, 0.00020104427, 0.00015923606, 0.0001840952, 0.00013642828, 5.913023, 0.16208526, 0.055724975, 0.007603798, 0.007536117, 0.0011639483, 0.00066859886, 0.0006107801, 0.001004363, 0.00050939684, 0.03194817, 0.0170836, 0.24891716, 0.0062987288, 0.007949534, 0.0056063603, 0.0015180385, 0.0013320765, 0.0029273152, 0.0051994645, 0.0035282467, 0.0020434535, 0.058856953, 0.02499315, 0.0013076847, 0.0046267346, 0.0010416205, 0.0008791708, 0.9641656, 0.039198972, 0.005722724, 0.007290745, 0.079020046, 0.012046067, 0.005856587, 0.0049581146, 0.049700975, 0.0038176945, 0.0025925653, 0.0028118985, 0.0014222299, 0.0009838011, 0.0017424574, 0.009040549, 0.0021222068, 0.0004735502, 0.001026356, 0.022526955, 0.004626357, 0.027618285], 'scaler_samples': (array([[ 1.29130963,  1.29642984,  1.87125063,  9.66052135],       [ 0.73375601,  0.41585289,  1.13018109,  6.5377521 ],       [ 0.26468345,  1.92537204, -1.11828531,  8.15607033],       [ 1.99374619,  0.53504012, -0.23458645,  4.92008953],       [ 2.09641522,  2.64111467,  0.74523587,  0.94802787],       [ 2.88838487,  1.82038644,  0.50579608,  2.18173119],       [ 2.46977904,  1.07141776, -1.38812998,  6.18720921],       [ 0.67793989,  0.13008283,  1.57269127,  2.97556587],       [ 0.64689966,  1.50929614, -0.02612806,  1.10226469],       [ 0.90402332,  2.1267814 ,  0.01930663,  3.69246434],       [ 0.13529519,  2.81229831, -1.83349818,  9.70184157]]), array([-21119.20898438, -21119.20898438, -21120.0390625 , -21121.734375  ,       -21119.96484375, -21119.69921875, -21119.20898438, -21119.20898438,       -21121.93359375, -21125.90039062, -21122.06445312])), 'net': {'saver_path': './M-LOOP_archives\\neural_net_archive_2022-02-25_15-20_CvqPcHbC.ckpt'}}
net_1={'last_hyperfit': 0, 'last_net_reg': 1e-08, 'losses_list': [1.6685154, 0.23638584, 0.0154268425, 0.014247974, 0.004066092, 0.001892703, 0.00071212644, 0.00020172374, 9.3326395e-05, 3.079882e-05, 9.650012e-06, 6.2616937e-06, 2.239668e-06, 8.409382e-07, 7.3400275e-07, 6.1034143e-07, 5.5022986e-07, 5.4006745e-07, 5.3780906e-07, 5.362476e-07, 5.356994e-07, 5.354365e-07, 5.353406e-07, 5.353358e-07, 5.353305e-07, 5.353252e-07, 5.3532403e-07, 5.353237e-07, 5.3532364e-07, 5.3532375e-07, 0.6659521, 0.14379288, 0.061662555, 0.02247466, 0.0093737645, 0.0041411393, 0.00061484723, 0.00016861003, 0.00011539851, 4.9785267e-05, 1.3525733e-05, 3.4692512e-06, 2.6954117e-06, 1.2317175e-06, 6.3313126e-07, 5.882766e-07, 0.82873785, 0.62473965, 0.09708662, 0.059964042, 0.042158775, 0.00585507, 0.0022662305, 0.0026274866, 0.0009211003, 0.0052419123, 0.003524063, 0.0020202938, 11.285219, 2.0912917, 1.243618, 0.3040566, 0.25855422, 0.21420328, 0.104266874, 0.06269233, 0.048086043, 0.02116316, 0.012582605, 0.0068189986, 0.0036124093, 0.0005955567, 0.0002845384, 8.0183076e-05, 3.0272606e-05, 1.8178673e-05, 7.441819e-06, 3.7789143e-06, 9.703793e-07, 1.6871736e-06, 0.100591674, 0.0207896, 0.009250379, 0.006473629, 0.0062252055, 0.0023895574, 0.0024863721, 0.0012292134, 0.0011919038, 0.0007011032, 0.000680689, 0.00038966426, 0.00030924272, 0.00021824408, 0.00022152229, 0.00012987223, 0.00010742548, 8.568984e-05, 6.39792e-05, 7.534604e-05, 4.986404e-05, 4.389142e-05, 3.1002244e-05, 2.6078938e-05, 1.2528656, 0.03169416, 0.009455693, 0.0015006674, 0.0006577842, 0.0015439948, 0.00039855368, 0.0003582761, 0.00023238831, 0.00023025047, 0.003442565, 0.004969448, 0.042587277, 0.009619094, 0.005063055, 0.0121980235, 0.0015647358, 0.019449241, 0.0079852855, 0.0015268945, 0.0051530073, 0.12007198, 0.053980857, 0.0014818518, 0.0030897446, 0.00034460827, 0.0008283309, 0.003831705, 0.0037341435, 0.0030275318, 0.0004910321, 0.0025800294, 0.014051869, 0.0052657635, 0.0017694393, 0.0008635685, 0.00028900537, 0.0018788046, 0.037411097, 0.028671911, 0.0010653163, 0.00046574915, 0.0011798155, 0.0005150894, 0.0016677255, 0.0005122403, 0.00028163474, 0.00060203805, 0.005818865, 0.0042038527], 'scaler_samples': (array([[ 1.29130963,  1.29642984,  1.87125063,  9.66052135],       [ 0.73375601,  0.41585289,  1.13018109,  6.5377521 ],       [ 0.26468345,  1.92537204, -1.11828531,  8.15607033],       [ 1.99374619,  0.53504012, -0.23458645,  4.92008953],       [ 2.09641522,  2.64111467,  0.74523587,  0.94802787],       [ 2.88838487,  1.82038644,  0.50579608,  2.18173119],       [ 2.46977904,  1.07141776, -1.38812998,  6.18720921],       [ 0.67793989,  0.13008283,  1.57269127,  2.97556587],       [ 0.64689966,  1.50929614, -0.02612806,  1.10226469],       [ 0.90402332,  2.1267814 ,  0.01930663,  3.69246434],       [ 0.13529519,  2.81229831, -1.83349818,  9.70184157]]), array([-21119.20898438, -21119.20898438, -21120.0390625 , -21121.734375  ,       -21119.96484375, -21119.69921875, -21119.20898438, -21119.20898438,       -21121.93359375, -21125.90039062, -21122.06445312])), 'net': {'saver_path': './M-LOOP_archives\\neural_net_archive_2022-02-25_15-20_x3mshdJp.ckpt'}}
net_2={'last_hyperfit': 0, 'last_net_reg': 1e-08, 'losses_list': [1.6675087, 0.2913963, 0.041284896, 0.027606, 0.006861844, 0.0024107902, 0.000909158, 0.00020172892, 0.0001470529, 3.6158777e-05, 1.7465189e-05, 5.7796055e-06, 1.8691152e-06, 1.2630383e-06, 7.404162e-07, 6.0289386e-07, 5.5377774e-07, 5.2018476e-07, 5.2260026e-07, 5.187626e-07, 5.1826987e-07, 5.1793864e-07, 5.177866e-07, 5.177605e-07, 5.1774487e-07, 5.1774043e-07, 5.1774003e-07, 5.177394e-07, 5.177394e-07, 5.1773935e-07, 3.0993817, 0.57179874, 0.17853314, 0.07553077, 0.038864642, 0.022034338, 0.012389305, 0.005452061, 0.0018400053, 0.00040372592, 4.8302154e-05, 8.093782e-06, 1.7568977e-05, 9.619684e-06, 3.3637473e-06, 8.8587126e-07, 5.577608e-07, 5.8974024e-07, 1.5927446, 0.3964818, 0.10841106, 0.0965023, 0.03192647, 0.020080056, 0.009269786, 0.0067891753, 0.001241383, 0.0003786178, 0.00012959704, 5.556502e-05, 7.768066e-05, 1.5233169e-05, 1.5512216e-05, 2.5429852e-05, 16.884296, 1.7161896, 0.27727425, 0.16622983, 0.16635148, 0.078883916, 0.053041544, 0.032484632, 0.016781963, 0.019247063, 0.012494232, 0.006841337, 0.0054121534, 0.004460882, 0.0033675602, 0.0026553285, 0.0021256816, 0.0018030738, 0.0014324649, 0.0011329914, 0.0011392888, 0.0008053797, 0.0006569768, 0.0005271419, 0.00043578332, 0.00041672515, 0.0003221555, 0.00025380866, 0.00023733167, 0.00034656725, 0.00014896184, 0.00023874454, 5.7363644, 0.44425732, 0.020300217, 0.0034025945, 0.0013233549, 0.00043115343, 0.00033610102, 0.00031859364, 0.0017435162, 0.001719043, 0.002395123, 0.00043156155, 0.0010693988, 0.0021511973, 0.0033485545, 0.0074682925, 0.0023633484, 0.0029874519, 0.0005186975, 0.00021848781, 0.0013548872, 0.0004748182, 0.017840568, 0.028686274, 0.004736262, 0.029649882, 0.026202207, 0.0056583444, 0.0019012503, 0.00037524774, 0.00064434233, 0.001965516, 0.00046138733, 0.00039525368, 0.018869886, 0.0012287509, 0.0006007281, 0.0010089437, 0.00035325476, 0.0010132693, 0.00025685667, 0.0002879717, 0.002520386, 0.00048619966, 0.013243895, 0.0021020682, 0.001981303, 0.10997086], 'scaler_samples': (array([[ 1.29130963,  1.29642984,  1.87125063,  9.66052135],       [ 0.73375601,  0.41585289,  1.13018109,  6.5377521 ],       [ 0.26468345,  1.92537204, -1.11828531,  8.15607033],       [ 1.99374619,  0.53504012, -0.23458645,  4.92008953],       [ 2.09641522,  2.64111467,  0.74523587,  0.94802787],       [ 2.88838487,  1.82038644,  0.50579608,  2.18173119],       [ 2.46977904,  1.07141776, -1.38812998,  6.18720921],       [ 0.67793989,  0.13008283,  1.57269127,  2.97556587],       [ 0.64689966,  1.50929614, -0.02612806,  1.10226469],       [ 0.90402332,  2.1267814 ,  0.01930663,  3.69246434],       [ 0.13529519,  2.81229831, -1.83349818,  9.70184157]]), array([-21119.20898438, -21119.20898438, -21120.0390625 , -21121.734375  ,       -21119.96484375, -21119.69921875, -21119.20898438, -21119.20898438,       -21121.93359375, -21125.90039062, -21122.06445312])), 'net': {'saver_path': './M-LOOP_archives\\neural_net_archive_2022-02-25_15-20_fORB41zz.ckpt'}}
