archive_type='neural_net_learner'
num_params=3
min_boundary=array([ 0.,  0., -2.])
max_boundary=array([3., 3., 2.])
start_datetime='2022-02-25_14-08'
param_names=['', '', '']
bad_run_indexs=[[], [], [], [], [], [], [], [], [], [], [], [], [], [], [], [], [], [], [], [], [], [], [], []]
generation_num=3
search_precision=1e-06
parameter_searches=10
hyperparameter_searches=10
bad_uncer_frac=0.1
trust_region=nan
has_trust_region=False
predict_global_minima_at_end=True
predicted_best_parameters=array([0.25837807, 0.0901176 , 0.15114744])
predicted_best_scaled_cost=-24949.880322158737
predicted_best_cost=-24949.880322158737
all_params=array([[ 2.6878797 ,  1.87171419,  0.68478307],       [ 0.96625035,  0.843201  ,  0.70619144],       [ 2.88926628,  0.09091298, -0.55482934],       [ 0.82876823,  0.34615355, -0.14538088],       [ 2.86515784,  1.05832351,  1.485422  ],       [ 0.52589722,  0.82242684, -1.25086446],       [ 2.69527684,  2.21075151, -1.50444715],       [ 1.83104821,  0.57787577,  1.95374488],       [ 2.72950145,  2.9146032 , -0.70339585],       [ 2.81002797,  0.82349724, -0.07626187],       [ 1.51715635,  1.50516716,  0.61153122],       [ 1.0167068 ,  2.96930753, -1.42033125],       [ 0.55671554,  0.        , -0.26244526],       [ 0.07494101,  0.        , -0.28791041],       [ 0.66311444,  0.        , -0.38583749],       [ 2.29419994,  2.91348539, -0.53973218],       [ 0.88197864,  0.48254783, -0.05587206],       [ 0.27968675,  0.69863354, -0.12204602],       [ 2.78403618,  0.8555551 , -0.07457759],       [ 1.04990994,  2.72931518, -0.29346361],       [ 0.64135691,  0.37727125,  0.07930604],       [ 0.77923902,  0.43301213,  0.04867042],       [ 0.        ,  0.62608356,  0.09841586],       [ 0.22367506,  0.05180526,  1.15930236],       [ 0.        ,  0.10599521,  0.11888646],       [ 0.        ,  0.        ,  0.27418243],       [ 0.        ,  0.1933277 ,  0.04254389],       [ 1.51250031,  1.48847322,  1.36045132],       [ 0.65785412,  0.44170271,  0.07814572],       [ 0.56263989,  0.29517582,  0.15700484],       [ 0.5388253 ,  0.33135235,  0.10142921],       [ 1.71765034,  0.80755109,  0.9174767 ],       [ 0.59413499,  0.40728765,  0.0477991 ],       [ 0.51148523,  0.4723344 , -0.05302868],       [ 0.49777445,  0.45247205, -0.06862994],       [ 2.90643886,  0.02971141,  0.51391354],       [ 0.66345374,  0.34236977,  0.13141213],       [ 0.55494996,  0.34944784,  0.11573251],       [ 0.48721014,  0.31628006,  0.1078306 ],       [ 1.32468985,  0.65241044, -0.53709815],       [ 0.48660546,  0.32314123,  0.10914148],       [ 0.53150914,  0.32776206,  0.09839986],       [ 0.49312308,  0.36161424,  0.10123069],       [ 0.9463702 ,  2.5622695 ,  0.2088905 ],       [ 0.43901101,  0.24178926,  0.12034671],       [ 0.44904456,  0.30346064,  0.10066435],       [ 0.47116738,  0.315256  ,  0.08875998],       [ 1.52450284,  1.0861505 , -1.93164899],       [ 0.43330694,  0.23940365,  0.11029017],       [ 0.42777978,  0.26005123,  0.10684555],       [ 0.42303621,  0.25709301,  0.100647  ],       [ 1.83690477,  2.67252784, -1.4296222 ],       [ 0.35182077,  0.11763295,  0.12446807],       [ 0.46972463,  0.22533326,  0.09457589],       [ 0.40640949,  0.22626403,  0.09865397],       [ 2.44148847,  2.96979343, -1.144533  ],       [ 0.30199534,  0.06506845,  0.12506655],       [ 0.35899166,  0.11731441,  0.12954674],       [ 0.33471802,  0.0640236 ,  0.12793075],       [ 2.61146112,  2.08083877,  0.45882563],       [ 0.36136565,  0.08302738,  0.1329414 ],       [ 0.3870032 ,  0.06725658,  0.12542169],       [ 0.35923648,  0.11617707,  0.11745743],       [ 2.88904603,  0.31086002,  1.0245844 ],       [ 0.32426851,  0.1099266 ,  0.12077627],       [ 0.33865607,  0.11071412,  0.11865312],       [ 0.34157011,  0.14393857,  0.10955797],       [ 1.85409366,  0.9645794 , -0.37874613],       [ 0.34541863,  0.1126228 ,  0.11927348],       [ 0.34395557,  0.07464249,  0.12401112],       [ 0.2955412 ,  0.05006979,  0.11685824],       [ 2.59339575,  1.31472179,  0.81327891],       [ 0.34209697,  0.12796642,  0.10925131],       [ 0.34821154,  0.11757683,  0.10774774],       [ 0.3086798 ,  0.12442126,  0.11869087],       [ 0.99578824,  1.12441175,  1.90350865],       [ 0.33504431,  0.13321873,  0.1084134 ],       [ 0.29937536,  0.11109303,  0.11569841],       [ 0.34760133,  0.11840207,  0.1121276 ],       [ 1.78797182,  2.30171656,  0.20637264],       [ 0.31488011,  0.11971292,  0.11476438],       [ 0.32053753,  0.14819818,  0.1079847 ],       [ 0.3202193 ,  0.12103309,  0.11262948],       [ 2.91497091,  1.82566997, -0.39966105],       [ 0.31627185,  0.12593725,  0.12137457],       [ 0.31647799,  0.14626945,  0.1078757 ],       [ 0.28377411,  0.10835224,  0.08393102],       [ 2.88966661,  2.42921495, -1.4675007 ],       [ 0.30166699,  0.11626219,  0.11605541],       [ 0.27961293,  0.1083972 ,  0.12413838],       [ 0.33842063,  0.10059086,  0.13207949],       [ 1.81057377,  2.10618439,  1.9478455 ],       [ 0.2878879 ,  0.10609478,  0.12472149],       [ 0.28164086,  0.11402496,  0.11517095],       [ 0.33784173,  0.10555057,  0.13527474],       [ 0.06238723,  2.00276952, -1.20823636],       [ 0.31072036,  0.11959594,  0.12104189],       [ 0.26593515,  0.0834675 ,  0.11388965],       [ 0.28747472,  0.12010769,  0.11886348],       [ 1.85941979,  2.57448836, -0.13010729]])
all_costs=array([-24940.24414062, -24940.01953125, -24940.01953125, -24940.84375   ,       -24940.01953125, -24940.01953125, -24940.01953125, -24940.01953125,       -24940.43945312, -24940.86132812, -24940.3203125 , -24940.01953125,       -24940.01953125, -24940.3046875 , -24940.01953125, -24940.18359375,       -24944.88476562, -24944.09375   , -24940.87890625, -24940.86132812,       -24946.6171875 , -24945.30859375, -24941.41992188, -24940.01953125,       -24941.12890625, -24941.1796875 , -24941.12695312, -24940.01953125,       -24945.66992188, -24945.47851562, -24946.69921875, -24940.01953125,       -24946.00390625, -24945.5703125 , -24944.74023438, -24940.01953125,       -24945.80859375, -24946.65429688, -24947.15039062, -24940.01953125,       -24947.49609375, -24947.07421875, -24946.56640625, -24941.05859375,       -24947.84375   , -24947.625     , -24947.77539062, -24940.01953125,       -24948.52539062, -24948.64257812, -24948.10351562, -24940.01953125,       -24949.921875  , -24948.4765625 , -24949.36914062, -24940.01953125,       -24949.28515625, -24949.43945312, -24949.74414062, -24940.16992188,       -24948.4296875 , -24949.27734375, -24949.29882812, -24940.01953125,       -24949.88867188, -24949.56445312, -24949.79492188, -24941.05859375,       -24949.01367188, -24949.76953125, -24949.24023438, -24940.01953125,       -24949.54882812, -24949.84375   , -24949.57617188, -24940.01953125,       -24949.72460938, -24949.58984375, -24949.25390625, -24940.33398438,       -24949.421875  , -24950.15429688, -24950.21875   , -24940.24414062,       -24950.26367188, -24949.4296875 , -24947.07617188, -24940.01953125,       -24949.41992188, -24949.57226562, -24950.34375   , -24940.01953125,       -24949.7421875 , -24948.96875   , -24949.33398438, -24940.15429688,       -24949.60351562, -24949.02539062, -24949.04882812, -24940.16992188])
all_uncers=array([0., 0., 0., 0., 0., 0., 0., 0., 0., 0., 0., 0., 0., 0., 0., 0., 0.,       0., 0., 0., 0., 0., 0., 0., 0., 0., 0., 0., 0., 0., 0., 0., 0., 0.,       0., 0., 0., 0., 0., 0., 0., 0., 0., 0., 0., 0., 0., 0., 0., 0., 0.,       0., 0., 0., 0., 0., 0., 0., 0., 0., 0., 0., 0., 0., 0., 0., 0., 0.,       0., 0., 0., 0., 0., 0., 0., 0., 0., 0., 0., 0., 0., 0., 0., 0., 0.,       0., 0., 0., 0., 0., 0., 0., 0., 0., 0., 0., 0., 0., 0., 0.])
best_cost=-24950.34375
best_params=array([0.33842063, 0.10059086, 0.13207949])
best_index=90
worst_cost=-24940.01953125
worst_index=1
cost_range=10.32421875
costs_count=100
params_count=69
length_scale=1
noise_level=1
cost_scaler_init_index=11
net_0={'last_hyperfit': 0, 'last_net_reg': 1e-08, 'losses_list': [5.9937153, 0.8632072, 0.46871793, 0.15547934, 0.035086572, 0.010119149, 0.0037038813, 0.0012355363, 0.0004492184, 0.00017396505, 6.8175104e-05, 3.3720724e-05, 1.3800541e-05, 3.9722286e-06, 1.6922766e-06, 6.5196843e-07, 6.367091e-07, 6.065639e-07, 5.475644e-07, 5.3629725e-07, 5.3274823e-07, 5.32061e-07, 5.3097364e-07, 5.3085927e-07, 5.30799e-07, 5.3078213e-07, 5.307743e-07, 5.307706e-07, 5.307703e-07, 5.3077025e-07, 0.9904136, 0.34478164, 0.15898755, 0.08794844, 0.034446336, 0.01169466, 0.007932272, 0.005446689, 0.0035960677, 0.0025880581, 0.0016918437, 0.0010570902, 0.0006215659, 0.00032892742, 0.00015302, 6.077852e-05, 2.0074813e-05, 5.3837894e-06, 1.3135436e-06, 5.743539e-07, 5.449875e-07, 5.6618836e-07, 11.707445, 1.8004477, 1.1076505, 0.44729853, 0.12586136, 0.045957673, 0.014976522, 0.008188625, 0.009379359, 0.003539989, 1.889857, 0.7411201, 0.4371044, 0.35286236, 0.3860466, 0.27483642, 0.23860346, 0.21171159, 22.738708, 6.1594696, 0.74112564, 0.47864002, 0.360165, 0.325379, 0.2853284, 0.27043855, 0.5655439, 0.49426, 0.7789845, 0.81608176, 0.58053017, 0.6016316, 2.0006297, 0.895063, 0.6826761, 0.5541089, 0.56433, 0.39891973, 0.83496827, 0.50543994, 0.37596872, 0.39739558, 0.8767656, 0.39393705, 0.32044694, 0.43031132, 0.47199294, 0.40694907, 3.0670748, 1.3639468, 0.40101925, 0.30688533, 0.3143804, 0.37458545, 0.89640844, 0.43360886, 0.31287497, 0.28172913, 0.7347709, 0.53936315, 0.39398402, 0.42435184, 0.39471766, 0.47221318, 0.68132925, 0.5606128, 0.7259789, 0.43719515, 0.48776367, 0.4907685, 0.46037182, 0.47853205, 0.5368484, 2.8557992, 1.1849164, 2.9956048, 1.6823722, 1.5993581, 0.666676, 1.1483337, 0.71849823, 0.5409024, 0.55819255, 0.881493, 0.7862831, 1.6891968, 1.1574156, 1.099038], 'scaler_samples': (array([[ 2.6878797 ,  1.87171419,  0.68478307],       [ 0.96625035,  0.843201  ,  0.70619144],       [ 2.88926628,  0.09091298, -0.55482934],       [ 0.82876823,  0.34615355, -0.14538088],       [ 2.86515784,  1.05832351,  1.485422  ],       [ 0.52589722,  0.82242684, -1.25086446],       [ 2.69527684,  2.21075151, -1.50444715],       [ 1.83104821,  0.57787577,  1.95374488],       [ 2.72950145,  2.9146032 , -0.70339585],       [ 2.81002797,  0.82349724, -0.07626187],       [ 1.51715635,  1.50516716,  0.61153122]]), array([-24940.24414062, -24940.01953125, -24940.01953125, -24940.84375   ,       -24940.01953125, -24940.01953125, -24940.01953125, -24940.01953125,       -24940.43945312, -24940.86132812, -24940.3203125 ])), 'net': {'saver_path': './M-LOOP_archives\\neural_net_archive_2022-02-25_14-08_SUaQPNw4.ckpt'}}
net_1={'last_hyperfit': 0, 'last_net_reg': 1e-08, 'losses_list': [1.7152733, 0.47161135, 0.082631595, 0.026908396, 0.011265412, 0.0029926717, 0.0016243305, 0.00040756585, 0.000109616645, 5.9642854e-05, 2.3512841e-05, 1.1215389e-05, 3.0028841e-06, 1.7709532e-06, 8.0231746e-07, 6.089518e-07, 5.595668e-07, 5.2967295e-07, 5.244917e-07, 5.195137e-07, 5.184599e-07, 5.18083e-07, 5.17967e-07, 5.1792904e-07, 5.178915e-07, 5.1788857e-07, 5.178853e-07, 5.178851e-07, 5.1788476e-07, 5.1788453e-07, 1.0574524, 0.38967177, 0.26061952, 0.14193772, 0.04925505, 0.01723284, 0.015039816, 0.010495261, 0.008344809, 0.0065467893, 0.005066327, 0.003751558, 0.0025917424, 0.0016086171, 0.002033238, 0.00048527896, 0.00040313374, 0.00021358588, 0.00012970345, 1.7066655e-05, 8.659407, 2.4322944, 1.8341115, 0.9972299, 0.583156, 0.4742352, 0.115915574, 0.06936132, 0.13190353, 0.016584197, 0.0026606875, 0.006001646, 1.7004064, 1.0041119, 0.37824515, 0.40001768, 0.31462583, 0.24788468, 0.24734128, 0.2526975, 10.1327, 1.8934647, 0.68593866, 0.5147001, 0.39598343, 0.31409875, 0.26500106, 0.20074657, 0.14835869, 0.0988204, 0.07392443, 0.046709765, 0.047257796, 0.029757809, 0.019189302, 0.012014898, 0.007330939, 0.005366028, 0.0037175557, 0.0029076214, 0.66822374, 0.31276032, 0.25319844, 0.19588828, 0.17101604, 0.14079751, 1.3878219, 0.7570511, 0.43975955, 0.3774814, 0.8861389, 0.65080494, 0.52495456, 0.43444857, 0.37204632, 0.43557826, 0.4408952, 0.34555003, 0.31670344, 0.30571276, 0.63519627, 0.31775984, 0.5507941, 0.35505143, 0.2662597, 0.5082479, 0.5678897, 0.29700908, 0.5509517, 0.45833164, 4.269073, 3.3004818, 0.3944628, 0.34955502, 0.42254025, 0.30310127, 0.2969864, 0.4870093, 0.58343667, 0.72204757, 0.53605735, 0.4878269, 0.47905713, 0.8341683, 0.7562653, 0.61606574, 0.56853235, 0.4163802, 0.45930153, 0.5519886, 0.6550874, 0.39518532, 0.56975347, 0.3982774, 0.47509626, 1.0057445, 1.013425, 0.68526965, 1.1721184, 0.93234366, 0.7142449, 0.5538896, 0.65322286, 0.85392046, 2.0895488, 1.0384108], 'scaler_samples': (array([[ 2.6878797 ,  1.87171419,  0.68478307],       [ 0.96625035,  0.843201  ,  0.70619144],       [ 2.88926628,  0.09091298, -0.55482934],       [ 0.82876823,  0.34615355, -0.14538088],       [ 2.86515784,  1.05832351,  1.485422  ],       [ 0.52589722,  0.82242684, -1.25086446],       [ 2.69527684,  2.21075151, -1.50444715],       [ 1.83104821,  0.57787577,  1.95374488],       [ 2.72950145,  2.9146032 , -0.70339585],       [ 2.81002797,  0.82349724, -0.07626187],       [ 1.51715635,  1.50516716,  0.61153122]]), array([-24940.24414062, -24940.01953125, -24940.01953125, -24940.84375   ,       -24940.01953125, -24940.01953125, -24940.01953125, -24940.01953125,       -24940.43945312, -24940.86132812, -24940.3203125 ])), 'net': {'saver_path': './M-LOOP_archives\\neural_net_archive_2022-02-25_14-08_s-J9WThC.ckpt'}}
net_2={'last_hyperfit': 0, 'last_net_reg': 1e-08, 'losses_list': [0.799965, 0.16674195, 0.01290586, 0.010819329, 0.0011409812, 0.001026096, 0.00034741548, 0.000120490935, 7.1988354e-05, 1.4082425e-05, 5.680054e-06, 2.6732764e-06, 1.1960892e-06, 6.330987e-07, 6.291303e-07, 5.6951285e-07, 5.355174e-07, 5.274107e-07, 5.270698e-07, 5.26767e-07, 5.2638467e-07, 5.261407e-07, 5.2606947e-07, 5.2604827e-07, 5.260439e-07, 5.260436e-07, 5.260431e-07, 5.260427e-07, 5.2604264e-07, 5.260425e-07, 0.45634004, 0.19280349, 0.07052638, 0.008521673, 0.0070573306, 0.0025633068, 0.0011859088, 0.0004965281, 0.00020644767, 0.00010013423, 2.7828666e-05, 1.2049952e-05, 4.263606e-06, 1.4696784e-06, 6.387839e-07, 5.506443e-07, 5.418546e-07, 5.369033e-07, 11.597136, 4.6161733, 3.1709745, 2.328534, 24.039597, 3.9211042, 1.4446783, 0.8419725, 0.51684153, 0.30296546, 0.28096285, 0.23474385, 15.925768, 3.172564, 0.93464226, 0.50128776, 0.38609233, 0.28461343, 0.2423696, 0.20768869, 0.16415845, 0.17194116, 0.120530374, 0.0911282, 0.09339761, 0.054080613, 0.043570656, 0.02963599, 0.5434749, 0.3091635, 0.23180251, 0.1904542, 0.16004702, 0.1385766, 2.6957746, 0.8420461, 0.7483078, 2.5328586, 0.47421956, 0.35476387, 0.55895764, 0.3132735, 0.6866473, 0.37134877, 0.7081879, 0.3353202, 0.47457013, 0.29474896, 0.4860482, 0.3206925, 0.22889131, 0.23337854, 0.40112135, 0.59713626, 2.1874971, 2.2656758, 0.44382352, 0.34284863, 0.38199672, 0.28693324, 0.29054582, 0.4729845, 0.48997796, 0.46318844, 0.621775, 1.3654743, 0.61455625, 0.5566685, 0.46979758, 0.45118475, 0.48030016, 0.519351, 0.63209826, 0.4384459, 0.50924623, 0.58148545, 0.5793065, 0.64635676, 3.0113497, 0.80922914, 2.007276, 0.74653167, 0.5896412, 3.4665997, 1.2386519, 0.61424935, 0.5956533, 0.9083592, 1.0466197, 0.54261863, 0.61146057, 1.8990427, 0.69332975, 0.5469503], 'scaler_samples': (array([[ 2.6878797 ,  1.87171419,  0.68478307],       [ 0.96625035,  0.843201  ,  0.70619144],       [ 2.88926628,  0.09091298, -0.55482934],       [ 0.82876823,  0.34615355, -0.14538088],       [ 2.86515784,  1.05832351,  1.485422  ],       [ 0.52589722,  0.82242684, -1.25086446],       [ 2.69527684,  2.21075151, -1.50444715],       [ 1.83104821,  0.57787577,  1.95374488],       [ 2.72950145,  2.9146032 , -0.70339585],       [ 2.81002797,  0.82349724, -0.07626187],       [ 1.51715635,  1.50516716,  0.61153122]]), array([-24940.24414062, -24940.01953125, -24940.01953125, -24940.84375   ,       -24940.01953125, -24940.01953125, -24940.01953125, -24940.01953125,       -24940.43945312, -24940.86132812, -24940.3203125 ])), 'net': {'saver_path': './M-LOOP_archives\\neural_net_archive_2022-02-25_14-08_XZtFx2Cx.ckpt'}}
