archive_type='gaussian_process_learner'
num_params=4
min_boundary=array([ 0.,  0., -2.,  0.])
max_boundary=array([ 3.,  3.,  2., 10.])
start_datetime='2022-02-25_16-07'
param_names=['', '', '', '']
cost_has_noise=True
length_scale_history=[array([3.47248141e+04, 1.43168787e+00, 5.20994024e-01, 6.23704788e+04]), array([6.72620362e-01, 4.14028876e+03, 2.02358675e+04, 2.08397849e-01]), array([1.24552227e+02, 1.40220542e-02, 6.41447476e-02, 3.54835947e+02]), array([1.06639372e+02, 3.06332805e+00, 6.68100995e-02, 2.44657951e+04]), array([1.07964402e+02, 1.48881440e+00, 8.07326902e-02, 3.82912906e+04]), array([2.66306971e+00, 3.83970709e-01, 5.02255531e-01, 6.84219271e+04]), array([1.24133610e+02, 1.92563339e+00, 6.34522140e-02, 9.31191273e+03]), array([1.00000000e+05, 1.37117041e-03, 1.00000000e+05, 8.03077068e+02]), array([1.00000000e+05, 8.90425656e-04, 1.00000000e+05, 8.12718624e+02]), array([3.78888955, 0.33148372, 0.43932634, 7.84029316]), array([4.62306854e+03, 6.37227761e+02, 7.79024271e+04, 4.89341014e-01]), array([4.71277096e+03, 1.22870855e+03, 7.79126767e+04, 4.30053947e-01]), array([  2.24304478, 112.87582679,   2.40934542,   0.93035818]), array([5.94409751e+04, 2.14596355e+00, 4.83218557e+04, 4.95151683e-01]), array([5.94409251e+04, 1.58627018e+00, 4.83218910e+04, 4.69760698e-01]), array([2.84226760e+01, 1.00000000e+05, 1.00000000e+05, 1.83656203e-01])]
noise_level_history=[9.999999999999997e-06, 9.999999999999997e-06, 1.2039087926832893e-05, 9.999999999999997e-06, 9.999999999999997e-06, 9.999999999999997e-06, 9.999999999999997e-06, 9.999999999999997e-06, 9.999999999999997e-06, 9.999999999999997e-06, 0.0001356629860952593, 0.00014435569359083817, 9.999999999999997e-06, 0.00010717194824671553, 0.00010411728161661015, 0.00014716463716243198]
bad_run_indexs=[[], [], [], [], [], [], [], [], [], [], [], [], [], [], []]
bias_func_cycle=4
bias_func_cost_factor=[1.0, 1.0, 1.0, 1.0]
bias_func_uncer_factor=[0.0, 1.0, 2.0, 3.0]
generation_num=4
search_precision=1e-06
parameter_searches=10
hyperparameter_searches=10
bad_uncer_frac=0.1
trust_region=nan
has_trust_region=False
predict_global_minima_at_end=True
all_params=array([[ 2.12390266e+00,  2.89366582e+00,  8.97891926e-01,         6.51453895e+00],       [ 1.31436212e+00,  1.49720867e+00,  8.20925288e-02,         9.67558648e+00],       [ 2.94653107e+00,  2.04127621e+00,  1.29612343e+00,         2.86209745e+00],       [ 1.43928356e+00,  7.81353150e-01,  1.04297148e+00,         6.11965073e+00],       [ 2.56433021e-01,  1.91675764e+00, -1.65495497e+00,         8.38269422e+00],       [ 3.26818988e-01,  2.54316778e+00,  1.91233361e+00,         6.31291847e+00],       [ 2.60094584e+00,  2.86982113e+00,  4.58120279e-01,         6.85509659e+00],       [ 1.46683128e+00,  9.70524805e-02, -8.81742540e-01,         8.71077801e+00],       [ 2.62494833e+00,  2.73835200e+00,  1.65261098e+00,         9.55850750e+00],       [ 2.26622816e+00,  1.05687959e+00,  1.47471072e-01,         7.44619557e+00],       [ 1.82467809e+00,  1.43551657e+00, -5.58541963e-01,         6.51887345e+00],       [ 2.02575967e-01,  2.78109946e-01,  6.27037687e-01,         3.07190524e+00],       [ 1.63751618e+00,  2.32555963e+00, -4.42019667e-01,         6.43234595e+00],       [ 2.17857918e+00,  2.99276609e+00, -5.68080764e-01,         3.44122807e+00],       [ 5.21537865e-01,  3.00000000e+00, -6.03327074e-01,         3.73034622e+00],       [ 2.01206404e+00,  1.54841918e+00, -2.76361612e-01,         3.35832022e+00],       [ 1.69014844e+00,  9.61643174e-01, -1.17414529e+00,         1.12002205e+00],       [ 8.18793098e-01,  1.49720866e+00,  8.20925288e-02,         9.71994390e+00],       [ 2.38231679e+00,  2.56189097e+00,  1.00631381e+00,         7.17838908e+00],       [ 1.90286246e+00,  2.79555745e+00, -7.60946835e-01,         7.14993436e+00],       [ 1.18820996e+00,  1.49720866e+00,  8.20925288e-02,         9.68687029e+00],       [ 2.89888385e+00,  2.78923286e-01,  1.04986532e+00,         4.82476921e+00],       [ 8.31514999e-01,  1.50856208e+00,  8.89433861e-02,         9.74726666e+00],       [ 9.78693812e-01,  1.65141733e+00,  1.65421517e-01,         1.00000000e+01],       [ 1.14490925e+00,  2.72512396e+00, -7.93155446e-01,         6.53974554e+00],       [ 8.18792162e-01,  1.49720573e+00,  8.20925288e-02,         9.71994391e+00],       [ 1.88717526e+00,  6.33615032e-01, -6.86605889e-01,         9.28614861e+00],       [ 1.41175009e+00,  1.45321340e-02, -6.24301571e-01,         6.68487738e+00],       [ 7.76976324e-01,  1.55165177e+00,  8.16645587e-01,         9.74726667e+00],       [ 8.01920665e-01,  1.55196486e+00,  2.99331442e-01,         9.74726666e+00],       [ 0.00000000e+00,  2.37530739e+00,  1.49716405e-01,         9.74726666e+00],       [ 5.26233972e-01,  2.21894405e+00, -1.92186453e+00,         9.22677992e+00],       [ 1.55845013e-01,  8.31232039e-01, -4.57238407e-01,         2.18018738e+00],       [ 2.08504364e-01,  4.93336086e-01,  3.97532272e-01,         9.74726666e+00],       [ 2.13789299e+00,  0.00000000e+00, -2.00000000e+00,         5.70152969e+00],       [ 2.78139177e-01,  3.00000000e+00, -6.53781511e-01,         9.40451707e+00],       [ 2.24336677e+00,  2.77761711e+00,  9.47898190e-01,         2.32015340e+00],       [ 0.00000000e+00,  7.29163304e-01,  5.80665649e-02,         9.74726669e+00],       [ 0.00000000e+00,  7.48473011e-01,  5.23492507e-02,         9.74726672e+00],       [ 0.00000000e+00,  7.71335177e-01,  5.85292745e-02,         9.74726666e+00],       [ 0.00000000e+00,  7.07747884e-01,  7.92368559e-02,         8.19008872e+00],       [ 1.40234473e+00,  1.34954040e-01,  1.83719634e+00,         9.51945566e+00],       [ 1.19610691e+00,  3.60095131e-01,  2.38747616e-01,         6.74073546e+00],       [ 9.56503547e-01,  0.00000000e+00,  2.43673559e-01,         9.74953887e+00],       [ 1.13718909e+00,  0.00000000e+00,  2.44798223e-01,         9.75256584e+00],       [ 1.71426617e+00,  6.63915221e-01, -5.13393676e-01,         2.53481411e+00],       [ 1.68198226e+00,  9.12717811e-01, -1.25104651e+00,         6.48860901e+00],       [ 7.89689323e-01,  7.27917398e-01,  7.04368924e-01,         7.79431506e+00],       [ 2.21526735e-01,  2.32365012e+00, -1.22868100e+00,         9.77355728e+00],       [ 2.47267009e+00,  1.54608974e+00, -1.00479388e+00,         6.22519129e-01],       [ 8.31514999e-01,  1.50856208e+00,  8.89433861e-02,         9.74726666e+00],       [ 1.07402766e+00,  1.68899191e+00, -5.87656502e-01,         9.21915023e+00],       [ 1.55020415e+00,  1.44310269e+00,  6.45066182e-01,         8.20664886e+00],       [ 8.31514999e-01,  2.23348908e+00,  8.89433861e-02,         9.74726666e+00],       [ 1.22976699e+00,  4.99613680e-01,  1.06093541e+00,         8.06884523e+00],       [ 8.31514999e-01,  1.50856208e+00,  8.89433861e-02,         9.74726666e+00],       [ 1.57704921e+00,  1.10961420e+00, -8.92995796e-01,         1.76201269e+00],       [ 0.00000000e+00,  1.09041860e+00, -3.06757155e-01,         1.39767557e+00],       [ 0.00000000e+00,  1.10446095e+00, -2.58841919e-01,         0.00000000e+00],       [ 0.00000000e+00,  1.11853087e+00, -2.18347744e-01,         0.00000000e+00],       [ 0.00000000e+00,  1.06256306e+00, -3.41704223e-01,         2.49421223e+00],       [ 1.51400293e+00,  8.22980746e-01,  1.94417717e+00,         3.98294691e+00],       [ 2.37157350e+00,  1.68693538e+00, -4.91016830e-01,         7.94730294e-01],       [ 2.06297091e+00,  2.86303516e+00,  2.78661180e-01,         5.18056628e+00],       [ 8.33340342e-02,  2.30426195e+00, -1.69078363e+00,         4.37798791e+00],       [ 1.97995100e+00,  1.76787646e+00, -4.99261015e-01,         4.41199831e+00],       [ 2.72782997e+00,  2.95943377e+00,  2.24219319e-01,         1.66466873e-01],       [ 2.31054799e-02,  2.31918458e+00, -2.29489836e-01,         5.41487752e+00],       [ 8.89588218e-01,  3.97383351e-02, -4.54231294e-01,         4.59540440e+00],       [ 6.25888111e-01,  2.25561848e+00,  1.34807285e+00,         4.60004384e+00],       [ 2.26943439e+00,  8.68904773e-01, -1.38186958e+00,         1.98258527e+00],       [ 2.16199130e+00,  2.80124586e+00,  1.13071495e+00,         5.16400412e+00],       [ 0.00000000e+00,  1.06639927e+00,  2.00000000e+00,         1.35038328e+00],       [ 0.00000000e+00,  2.77669002e+00,  2.00000000e+00,         1.34407254e+00],       [ 3.00000000e+00,  0.00000000e+00,  2.00000000e+00,         0.00000000e+00],       [ 0.00000000e+00,  1.56226450e+00,  2.00000000e+00,         1.35750247e+00],       [ 5.10288224e-01,  7.61958084e-01,  4.39897448e-02,         6.44110359e+00],       [ 5.08628473e-03,  0.00000000e+00,  6.19642736e-01,         7.33521976e+00],       [ 1.94309122e+00,  0.00000000e+00,  1.88734716e+00,         7.87265664e-01],       [ 3.68417916e-01,  3.00000000e+00, -9.82146789e-01,         4.96128643e-01],       [ 1.89178587e+00,  3.00000000e+00,  6.73225924e-01,         4.50368808e-01]])
all_costs=array([-33548.78125   , -33560.19921875, -33481.52734375, -33481.52734375,       -33481.52734375, -33481.52734375, -33546.26171875, -33481.52734375,       -33481.52734375, -33558.1015625 , -33558.203125  , -33481.52734375,       -33555.8984375 , -33535.078125  , -33559.78515625, -33548.6875    ,       -33481.52734375, -33560.47265625, -33481.52734375, -33558.25390625,       -33560.4296875 , -33481.52734375, -33560.53515625, -33560.46875   ,       -33560.10546875, -33560.4765625 , -33481.52734375, -33481.52734375,       -33549.53125   , -33560.26171875, -33558.125     , -33481.52734375,       -33560.4375    , -33557.625     , -33481.52734375, -33560.2109375 ,       -33481.52734375, -33558.2421875 , -33557.96875   , -33558.0234375 ,       -33558.0234375 , -33481.52734375, -33552.16796875, -33481.52734375,       -33481.52734375, -33481.52734375, -33481.52734375, -33481.52734375,       -33560.328125  , -33481.52734375, -33560.546875  , -33560.46875   ,       -33550.2578125 , -33560.5234375 , -33481.52734375, -33560.4765625 ,       -33481.52734375, -33557.5859375 ,  -3791.34375   ,  -4201.18212891,       -33557.375     , -33481.52734375, -33483.58203125, -33543.10546875,       -33560.3828125 , -33554.0234375 , -33481.52734375, -33558.2578125 ,       -33481.52734375, -33481.52734375, -33481.52734375, -33481.52734375,       -33557.359375  , -33557.546875  ,  -5460.96240234, -33557.4453125 ,       -33560.296875  , -33558.015625  , -33481.52734375, -33481.52734375,       -33481.52734375])
all_uncers=array([0., 0., 0., 0., 0., 0., 0., 0., 0., 0., 0., 0., 0., 0., 0., 0., 0.,       0., 0., 0., 0., 0., 0., 0., 0., 0., 0., 0., 0., 0., 0., 0., 0., 0.,       0., 0., 0., 0., 0., 0., 0., 0., 0., 0., 0., 0., 0., 0., 0., 0., 0.,       0., 0., 0., 0., 0., 0., 0., 0., 0., 0., 0., 0., 0., 0., 0., 0., 0.,       0., 0., 0., 0., 0., 0., 0., 0., 0., 0., 0., 0., 0.])
best_cost=-33560.546875
best_params=array([0.831515  , 1.50856208, 0.08894339, 9.74726666])
best_index=50
worst_cost=-3791.34375
worst_index=58
cost_range=29769.203125
fit_count=16
costs_count=81
params_count=57
update_hyperparameters=True
length_scale=array([2.84226760e+01, 1.00000000e+05, 1.00000000e+05, 1.83656203e-01])
noise_level=0.00014716463716243198
predicted_best_parameters=array([3.        , 1.86010202, 1.45893391, 0.26255056])
predicted_best_scaled_cost=array([-1.26416428])
predicted_best_scaled_uncertainty=array([0.15778639])
predicted_best_cost=array([-39383.65821972])
predicted_best_uncertainty=array([2.87616014e-05])
