archive_type='neural_net_learner'
num_params=4
min_boundary=array([ 0.,  0., -2.,  0.])
max_boundary=array([ 3.,  3.,  2., 10.])
start_datetime='2022-02-25_15-51'
param_names=['', '', '', '']
bad_run_indexs=[[], [], [], [], [], [], [], [], [], [], [], [], [], []]
generation_num=3
search_precision=1e-06
parameter_searches=10
hyperparameter_searches=10
bad_uncer_frac=0.1
trust_region=nan
has_trust_region=False
predict_global_minima_at_end=True
predicted_best_parameters=array([ 1.93337579,  1.72187797, -0.06297894,  4.92516081])
predicted_best_scaled_cost=-20754.813558127844
predicted_best_cost=-20754.813558127844
all_params=array([[ 2.62535825e+00,  1.26010343e+00,  8.83340856e-01,         5.08608114e+00],       [ 2.31523832e+00,  2.33213190e+00, -8.12655251e-01,         5.66238783e+00],       [ 1.94766687e-01,  8.27177293e-01, -1.23446851e+00,         2.38732343e+00],       [ 2.02458931e+00,  2.01894362e+00, -8.11178641e-01,         1.51708149e+00],       [ 8.87507812e-01,  7.62258254e-01, -4.25895712e-01,         3.95442943e+00],       [ 2.65572370e+00,  2.27259809e+00, -8.18119586e-01,         7.73136417e+00],       [ 8.06295317e-01,  2.52133301e+00,  1.43421741e+00,         8.03823777e-01],       [ 2.75847237e+00,  8.63545107e-01, -9.77648221e-01,         7.61130987e+00],       [ 1.58542236e+00,  1.84030803e+00,  1.62403675e+00,         3.14301088e+00],       [ 2.66168010e+00,  1.35472589e+00, -1.93020921e+00,         6.67994563e+00],       [ 2.59112031e+00,  1.14837466e+00, -8.95628642e-01,         5.32239026e+00],       [ 1.01240895e+00,  2.56082468e+00, -1.72865108e+00,         6.31553304e+00],       [ 3.00000000e+00,  2.91701552e+00, -2.06602690e-01,         6.97781776e+00],       [ 2.83139853e+00,  3.00000000e+00, -9.89049604e-01,         8.74065540e+00],       [ 2.96505495e+00,  3.00000000e+00, -6.15392993e-01,         6.87336220e+00],       [ 1.21447952e+00,  1.77762879e+00, -1.85099702e+00,         5.14991871e+00],       [ 2.74128324e+00,  3.00000000e+00, -9.24762776e-01,         6.04381990e+00],       [ 2.94960257e+00,  3.00000000e+00, -7.23468395e-01,         5.62458169e+00],       [ 3.00000000e+00,  3.00000000e+00, -1.65881604e+00,         5.29880493e+00],       [ 2.30360851e-01,  1.91393484e+00, -8.97021385e-01,         1.45720379e+00],       [ 2.72184423e+00,  2.74102126e+00, -4.61997760e-01,         5.07334314e+00],       [ 2.90324317e+00,  3.00000000e+00, -4.91415331e-01,         4.56571882e+00],       [ 3.00000000e+00,  3.00000000e+00, -5.27011604e-01,         5.17876042e+00],       [ 2.32961692e+00,  2.74713167e+00,  1.45473387e+00,         2.17165780e+00],       [ 2.67002423e+00,  2.45234874e+00, -6.41066312e-01,         6.06997498e+00],       [ 2.55364078e+00,  2.32547102e+00, -6.63760860e-01,         6.10538501e+00],       [ 2.53806403e+00,  2.49012790e+00, -6.35234216e-01,         5.71508539e+00],       [ 7.74525861e-01,  3.44711744e-01, -1.44154080e+00,         4.97999092e+00],       [ 2.55503475e+00,  2.31846633e+00, -6.57037110e-01,         6.10426472e+00],       [ 2.39084663e+00,  2.23355252e+00, -6.29684920e-01,         5.97873532e+00],       [ 2.49746621e+00,  2.35752707e+00, -6.74810794e-01,         5.77994345e+00],       [ 6.10769892e-01,  2.15761060e+00,  3.71837801e-01,         3.38881917e+00],       [ 2.40262379e+00,  2.20731679e+00, -6.56189995e-01,         6.08108162e+00],       [ 2.41560441e+00,  2.25972093e+00, -6.40269237e-01,         5.99643406e+00],       [ 2.37202079e+00,  2.18882433e+00, -6.56000541e-01,         5.76497503e+00],       [ 2.65610007e+00,  8.62395733e-01, -1.06162817e+00,         5.34974691e+00],       [ 0.00000000e+00,  2.87172804e+00,  8.21535791e-01,         3.53716467e+00],       [ 2.20685888e-01,  2.07799672e+00,  4.78550170e-01,         3.65774542e+00],       [ 0.00000000e+00,  2.22835194e+00,  8.75113180e-01,         3.67262042e+00],       [ 1.88485442e+00,  1.59073157e+00,  2.62523998e-01,         4.61001398e+00],       [ 2.59342163e-01,  2.38530504e+00,  6.77202910e-01,         3.45777834e+00],       [ 4.55710961e-01,  2.19816922e+00,  2.96866601e-01,         3.28776258e+00],       [ 3.62426569e-01,  2.32572562e+00,  5.55090122e-01,         3.35195461e+00],       [ 9.72239187e-01,  2.07728853e+00, -1.04982986e+00,         8.39911307e+00],       [ 4.65673915e-01,  2.08310399e+00,  3.69390498e-01,         3.03712374e+00],       [ 8.24654133e-01,  1.97589821e+00,  2.52461269e-01,         3.90888568e+00],       [ 4.51235917e-01,  2.13672598e+00,  1.29765679e+00,         4.61660208e+00],       [ 1.23322219e+00,  1.48432012e+00, -1.80695369e+00,         6.55862334e+00],       [ 0.00000000e+00,  2.95947264e+00,  8.24746314e-01,         1.91391162e+00],       [ 0.00000000e+00,  2.26563397e+00,  7.64146293e-01,         3.04086203e+00],       [ 0.00000000e+00,  2.32639662e+00,  4.35387975e-01,         3.60627135e+00],       [ 1.67688831e+00,  8.67931428e-01,  2.89944470e-01,         2.93257019e+00],       [ 0.00000000e+00,  2.58186796e+00,  6.93947848e-01,         2.70013987e+00],       [ 4.87880518e-01,  2.09932527e+00,  3.70211501e-01,         3.41502516e+00],       [ 0.00000000e+00,  2.70286328e+00,  4.38018980e-01,         3.09996177e+00],       [ 8.77979925e-01,  1.92114600e+00, -8.59149602e-02,         4.33092569e+00],       [ 1.79079571e+00,  8.98813743e-01,  4.74830654e-01,         3.15082050e+00],       [ 1.57874061e+00,  0.00000000e+00,  7.62611017e-01,         2.02364219e+00],       [ 1.79742140e+00,  7.41122336e-01,  2.59829890e-01,         2.15336090e+00],       [ 1.45059379e+00,  2.93128480e+00, -5.18729072e-03,         4.85726090e-01],       [ 1.68214929e+00,  9.71051713e-01,  7.76180806e-02,         2.36258470e+00],       [ 1.76605442e+00,  1.52375831e+00, -3.35186928e-03,         4.20247359e+00]])
all_costs=array([-20704.88476562, -20743.21289062, -20704.88476562, -20704.88476562,       -20718.23828125, -20739.34570312, -20704.88476562, -20704.88476562,       -20704.88476562, -20704.88476562, -20704.88476562, -20704.88476562,       -20735.98046875, -20704.88476562, -20745.4296875 , -20704.88476562,       -20715.8125    , -20747.6015625 , -20704.88476562, -20704.88476562,       -20740.55078125, -20733.82226562, -20737.0234375 , -20704.88476562,       -20747.50585938, -20750.02929688, -20747.37890625, -20704.88476562,       -20748.92578125, -20749.94335938, -20748.82226562, -20752.2421875 ,       -20750.07421875, -20749.97460938, -20748.984375  , -20704.88476562,       -20750.73046875, -20751.796875  , -20750.75976562, -20747.76367188,       -20750.84765625, -20751.22070312, -20752.1875    , -20704.88476562,       -20751.22265625, -20750.10546875, -20704.88476562, -20704.88476562,       -20750.36132812, -20750.61914062, -20750.33398438, -20750.10546875,       -20750.60742188, -20751.30664062, -20750.41210938, -20750.10742188,       -20704.88476562, -20704.88476562, -20750.15234375, -20704.88476562,       -20748.3984375 , -20747.70507812])
all_uncers=array([0., 0., 0., 0., 0., 0., 0., 0., 0., 0., 0., 0., 0., 0., 0., 0., 0.,       0., 0., 0., 0., 0., 0., 0., 0., 0., 0., 0., 0., 0., 0., 0., 0., 0.,       0., 0., 0., 0., 0., 0., 0., 0., 0., 0., 0., 0., 0., 0., 0., 0., 0.,       0., 0., 0., 0., 0., 0., 0., 0., 0., 0., 0.])
best_cost=-20752.2421875
best_params=array([0.61076989, 2.1576106 , 0.3718378 , 3.38881917])
best_index=31
worst_cost=-20704.884765625
worst_index=0
cost_range=47.357421875
costs_count=62
params_count=39
length_scale=1
noise_level=1
cost_scaler_init_index=11
net_0={'last_hyperfit': 0, 'last_net_reg': 1e-08, 'losses_list': [0.43991438, 0.0685699, 0.012187227, 0.008822128, 0.0019907842, 0.001292572, 0.00027150984, 0.00020411317, 3.9750565e-05, 2.0668076e-05, 1.00036705e-05, 3.4457034e-06, 1.1679903e-06, 5.854327e-07, 6.102243e-07, 5.4899067e-07, 5.343984e-07, 5.236181e-07, 5.227582e-07, 5.217548e-07, 5.2166166e-07, 5.2152893e-07, 5.2150904e-07, 5.214886e-07, 5.2148744e-07, 5.214844e-07, 5.2148437e-07, 5.214842e-07, 5.2148414e-07, 5.21484e-07, 0.39325768, 0.11754499, 0.016388688, 0.008254854, 0.0025060747, 0.00070726237, 0.00018434701, 0.00010081617, 1.579171e-05, 1.6240487e-05, 4.141943e-06, 2.2207832e-06, 9.204819e-07, 7.4180167e-07, 5.8381175e-07, 5.505298e-07, 0.26094076, 0.26087174, 0.28505972, 0.11812169, 0.03173461, 0.009261848, 0.033811796, 0.0038998188, 0.002549916, 0.00017606317, 5.4612177e-05, 1.4442114e-05, 5.4985085e-06, 2.8378406e-06, 8.730058e-07, 5.7457885e-07, 5.511711e-07, 5.311748e-07, 0.1061174, 0.028305307, 0.008417977, 0.0035250855, 0.0012618608, 0.00042003195, 0.00014752067, 8.006418e-05, 3.310014e-05, 1.4888795e-05, 1.0586461e-05, 6.2963813e-06, 1.7411461e-06, 1.0072678e-06, 8.605135e-07, 6.943195e-07, 5.744413e-07, 5.5127214e-07, 0.0038698527, 0.0016430018, 0.0011780433, 0.0009500793, 0.0008661661, 0.00078170287, 0.00070210884, 0.00061327865, 0.01032227, 0.0015352041, 0.00052239187, 0.00038281042, 0.00031016002, 0.0002798809, 0.00022935483, 0.00021298011, 0.17058705, 0.021329712, 0.01758027, 0.005475295, 0.0017657035, 0.00064192223, 0.00037281067, 0.00037271672, 0.00028410388, 0.0002851731, 0.0030961544, 0.00027123006, 0.0001780708, 0.00017181985, 0.098078325, 0.003979068, 0.001435487, 0.00085991924, 0.00069277466, 0.0005760983, 0.00051963795, 0.0004969582, 0.07981855, 0.0031145206, 0.0010512904, 0.00061586936, 0.000587301, 0.0005266266, 0.0044057304, 0.00913412, 0.06532567, 0.0021728766, 0.0008097772, 0.0005818381, 0.0004895743, 0.0005410925, 0.20546465, 0.0653055, 0.008753929, 0.013991273, 0.0015452384, 0.0006338322, 0.00035595277, 0.00032460902, 0.010317429, 0.0021538518, 0.0010264053, 0.0004232464, 0.0006716656, 0.000686093], 'scaler_samples': (array([[ 2.62535825,  1.26010343,  0.88334086,  5.08608114],       [ 2.31523832,  2.3321319 , -0.81265525,  5.66238783],       [ 0.19476669,  0.82717729, -1.23446851,  2.38732343],       [ 2.02458931,  2.01894362, -0.81117864,  1.51708149],       [ 0.88750781,  0.76225825, -0.42589571,  3.95442943],       [ 2.6557237 ,  2.27259809, -0.81811959,  7.73136417],       [ 0.80629532,  2.52133301,  1.43421741,  0.80382378],       [ 2.75847237,  0.86354511, -0.97764822,  7.61130987],       [ 1.58542236,  1.84030803,  1.62403675,  3.14301088],       [ 2.6616801 ,  1.35472589, -1.93020921,  6.67994563],       [ 2.59112031,  1.14837466, -0.89562864,  5.32239026]]), array([-20704.88476562, -20743.21289062, -20704.88476562, -20704.88476562,       -20718.23828125, -20739.34570312, -20704.88476562, -20704.88476562,       -20704.88476562, -20704.88476562, -20704.88476562])), 'net': {'saver_path': './M-LOOP_archives\\neural_net_archive_2022-02-25_15-51_r4CtcO8X.ckpt'}}
net_1={'last_hyperfit': 0, 'last_net_reg': 1e-08, 'losses_list': [0.7659803, 0.068452574, 0.024452768, 0.0038828915, 0.0021435951, 0.00059394736, 0.00015834036, 3.0548927e-05, 3.106428e-05, 2.107079e-05, 5.5120586e-06, 1.6970257e-06, 1.0721822e-06, 7.579734e-07, 5.821716e-07, 5.6597474e-07, 5.357293e-07, 5.3036916e-07, 5.300757e-07, 5.2893347e-07, 5.2870047e-07, 5.285365e-07, 5.285324e-07, 5.285155e-07, 5.2851294e-07, 5.285113e-07, 5.285107e-07, 5.2851044e-07, 5.2851044e-07, 5.285104e-07, 0.9519691, 0.27151453, 0.04289251, 0.0111205485, 0.0031483942, 0.0011220502, 0.00043486545, 0.00023786824, 5.513618e-05, 2.4336403e-05, 9.826322e-06, 4.177583e-06, 1.6963313e-06, 7.61574e-07, 6.733535e-07, 5.6600476e-07, 0.27549204, 0.14315362, 0.049765307, 0.114007056, 0.009058528, 0.021266932, 0.00490303, 0.00033722387, 0.00017831213, 8.618843e-05, 1.9561561e-05, 1.5983185e-05, 4.787259e-06, 4.2050992e-06, 1.9674371e-06, 7.883898e-07, 7.379185e-07, 5.779703e-07, 5.476316e-07, 5.416095e-07, 0.06539052, 0.011880839, 0.0010716496, 0.0001772207, 3.913591e-05, 6.5306735e-06, 3.6372153e-06, 9.299416e-07, 8.622516e-07, 5.477525e-07, 0.0012874873, 0.00043353555, 0.00025646572, 0.00020564593, 0.00015864358, 0.0001432177, 0.0001122035, 8.843047e-05, 7.28268e-05, 6.1851475e-05, 4.9100017e-05, 3.7262558e-05, 2.9607781e-05, 2.3705208e-05, 2.005201e-05, 1.4975632e-05, 1.1756895e-05, 9.291112e-06, 7.4109225e-06, 5.530434e-06, 4.472487e-06, 3.7354034e-06, 6.7199126e-06, 2.5731424e-06, 7.4388954e-06, 1.8739383e-06, 1.2281645e-06, 1.0226074e-06, 8.7249964e-07, 7.762418e-07, 0.0003798503, 0.00018097818, 0.00012797088, 0.000121820434, 0.15001146, 0.045175314, 0.015889658, 0.003066767, 0.00071540277, 0.00027083856, 0.00018337577, 0.00016930955, 0.003054826, 0.0005686093, 0.00021808813, 0.00015226568, 0.00013203906, 0.00012788034, 0.07020925, 0.002192453, 0.00046107656, 0.00029339932, 0.00029316745, 0.0003476182, 0.13785493, 0.008839001, 0.000755956, 0.00034089398, 0.00031621207, 0.00027443937, 0.0015987577, 0.0027324804, 0.0003632244, 0.00079507136, 0.07956918, 0.0063077416, 0.00068712234, 0.00037003236, 0.00034071066, 0.00067137275, 0.0003406654, 0.0001974497, 0.00021689171, 0.00027552838, 0.18398654, 0.06765147, 0.19884549, 0.004954846, 0.0007774993, 0.00037784284, 0.00032821324, 0.00028773368, 0.0002690158, 0.00032775552], 'scaler_samples': (array([[ 2.62535825,  1.26010343,  0.88334086,  5.08608114],       [ 2.31523832,  2.3321319 , -0.81265525,  5.66238783],       [ 0.19476669,  0.82717729, -1.23446851,  2.38732343],       [ 2.02458931,  2.01894362, -0.81117864,  1.51708149],       [ 0.88750781,  0.76225825, -0.42589571,  3.95442943],       [ 2.6557237 ,  2.27259809, -0.81811959,  7.73136417],       [ 0.80629532,  2.52133301,  1.43421741,  0.80382378],       [ 2.75847237,  0.86354511, -0.97764822,  7.61130987],       [ 1.58542236,  1.84030803,  1.62403675,  3.14301088],       [ 2.6616801 ,  1.35472589, -1.93020921,  6.67994563],       [ 2.59112031,  1.14837466, -0.89562864,  5.32239026]]), array([-20704.88476562, -20743.21289062, -20704.88476562, -20704.88476562,       -20718.23828125, -20739.34570312, -20704.88476562, -20704.88476562,       -20704.88476562, -20704.88476562, -20704.88476562])), 'net': {'saver_path': './M-LOOP_archives\\neural_net_archive_2022-02-25_15-51_2vhuvDQu.ckpt'}}
net_2={'last_hyperfit': 0, 'last_net_reg': 1e-08, 'losses_list': [0.9804277, 0.065904304, 0.02218061, 0.009461901, 0.0039487705, 0.0012862025, 0.00036205092, 0.00013426301, 4.004006e-05, 1.4265488e-05, 2.3121956e-06, 2.2018216e-06, 1.3469119e-06, 9.858511e-07, 6.714773e-07, 5.7508265e-07, 5.4153276e-07, 5.2752546e-07, 5.2600416e-07, 5.2594777e-07, 5.25727e-07, 5.255582e-07, 5.255168e-07, 5.2550814e-07, 5.2550405e-07, 5.2550257e-07, 5.255019e-07, 5.2550183e-07, 5.255017e-07, 5.255017e-07, 0.49542287, 0.09391093, 0.026395574, 0.007755679, 0.002851476, 0.0012180556, 0.00029970225, 0.00012659999, 3.92658e-05, 1.3266962e-05, 6.2807135e-06, 2.274083e-06, 1.1025236e-06, 8.212612e-07, 5.751324e-07, 5.5580495e-07, 0.56065696, 0.17715047, 0.05686621, 0.052742783, 0.0062110927, 0.005853806, 0.0013345744, 0.00017917641, 8.538561e-05, 2.1382344e-05, 8.677011e-06, 3.6580689e-06, 1.1925991e-06, 7.557341e-07, 5.875499e-07, 5.501165e-07, 0.1150559, 0.024674801, 0.005606806, 0.0028141188, 0.0017320771, 0.0009440911, 0.00041320318, 0.00021516051, 0.00029823947, 0.0004786836, 6.742533e-05, 2.9165161e-05, 3.2784894e-05, 9.839477e-06, 6.257681e-06, 4.692844e-06, 2.1115852e-06, 2.6725747e-06, 0.008174397, 0.002669227, 0.0015796944, 0.0013988639, 0.0012066487, 0.0010665198, 0.0022202095, 0.0013901965, 0.0008749972, 0.0007321699, 0.0006536006, 0.0005825874, 0.0005176598, 0.0004678535, 0.1759308, 0.029478187, 0.0050203614, 0.009596183, 0.008027667, 0.0022121044, 0.00042991986, 0.00035781972, 0.00031721382, 0.00030042973, 0.060919207, 0.0017895892, 0.0006128114, 0.00045661535, 0.00044699985, 0.00042465824, 0.2132759, 0.0073031173, 0.001788516, 0.00071960053, 0.0005306521, 0.00046536847, 0.014292205, 0.0012515266, 0.0028355077, 0.0006508581, 0.0012208059, 0.0076975287, 0.08957106, 0.001688019, 0.0007216019, 0.0004353996, 0.00036155694, 0.00032676075, 0.1303943, 0.041288655, 0.012720431, 0.0018214165, 0.00081334845, 0.0003806888, 0.00032182963, 0.00032022997], 'scaler_samples': (array([[ 2.62535825,  1.26010343,  0.88334086,  5.08608114],       [ 2.31523832,  2.3321319 , -0.81265525,  5.66238783],       [ 0.19476669,  0.82717729, -1.23446851,  2.38732343],       [ 2.02458931,  2.01894362, -0.81117864,  1.51708149],       [ 0.88750781,  0.76225825, -0.42589571,  3.95442943],       [ 2.6557237 ,  2.27259809, -0.81811959,  7.73136417],       [ 0.80629532,  2.52133301,  1.43421741,  0.80382378],       [ 2.75847237,  0.86354511, -0.97764822,  7.61130987],       [ 1.58542236,  1.84030803,  1.62403675,  3.14301088],       [ 2.6616801 ,  1.35472589, -1.93020921,  6.67994563],       [ 2.59112031,  1.14837466, -0.89562864,  5.32239026]]), array([-20704.88476562, -20743.21289062, -20704.88476562, -20704.88476562,       -20718.23828125, -20739.34570312, -20704.88476562, -20704.88476562,       -20704.88476562, -20704.88476562, -20704.88476562])), 'net': {'saver_path': './M-LOOP_archives\\neural_net_archive_2022-02-25_15-51_IVj3-_cw.ckpt'}}
